n = 10 ; 
T = 24 ; 
Init = [ 0 1 1 1 1 1 1 1 0 0 ]
L = [ 3 8 7 9 4 4 3 7 10 3 ]
l = [ 3 8 7 9 4 4 3 7 10 3 ]
Pmin = [ 31 98 76 91 38 39 23 77 100 24 ]
Pmax = [ 31 98 76 91 38 39 23 77 100 24 ]
cf = [ 14.3947 39.6586 49.0057 67.3575 49.0436 8.46157 10.8803 8.78576 35.7789 21.1222 ]
c0 = [ 98 250 203 237 121 111 79 210 250 86 ]
cp = [ 39.8885 20.5476 22.2024 12.7095 36.1135 36.322 40.5714 20.4778 8.59398 32.8036 ]
D = [ 351 175 83 151 399 586 529 179 337 123 491 122 94 189 322 43 374 71 438 172 531 508 482 332 ]
K = 11
nk = [ 130758296 32656 130758296 32656 0 0 0 0 48 0 ]
First = [ 1 1 1 1 1 1 1 1 1 1 ]
Last = [ 1 1 1 1 1 1 1 1 1 1 ]
nS = 10
S = [ 1 1 1 1 1 1 1 1 1 1 ]
