n = 10 ; 
T = 24 ; 
Init = [ 0 0 0 1 0 1 0 0 0 1 ]
L = [ 3 6 10 6 9 6 2 3 3 9 ]
l = [ 3 6 10 6 9 6 2 3 3 9 ]
Pmin = [ 33 69 100 57 100 71 24 18 25 94 ]
Pmax = [ 33 69 100 57 100 71 24 18 25 94 ]
cf = [ 63.5839 14.5454 8.50418 15.4634 17.9777 16.5132 49.7559 53.5997 43.0301 58.9223 ]
c0 = [ 95 197 250 149 250 184 70 63 74 243 ]
cp = [ 36.9853 29.1491 8.61907 30.8891 11.3309 20.3079 39.7241 41.6371 40.767 9.56924 ]
D = [ 161 195 227 248 273 309 340 382 398 430 448 489 520 476 441 404 351 321 352 419 461 382 304 237 ]
K = 11
nk = [ 0 0 0 0 0 0 0 0 0 0 ]
First = [ 1 1 1 1 1 1 1 1 1 1 ]
Last = [ 1 1 1 1 1 1 1 1 1 1 ]
nS = 10
S = [ 1 1 1 1 1 1 1 1 1 1 ]
