n = 10 ; 
T = 24 ; 
Init = [ 0 0 0 0 1 1 1 1 1 1 ]
L = [ 9 9 9 9 5 5 7 8 8 8 ]
l = [ 9 9 9 9 5 5 7 8 8 8 ]
Pmin = [ 98 98 98 98 54 54 65 88 88 90 ]
Pmax = [ 98 98 98 98 54 54 65 88 88 90 ]
cf = [ 24.0933 24.0933 24.0933 24.0933 45.7254 45.7254 23.9477 35.9485 35.9485 45.9411 ]
c0 = [ 250 250 250 250 152 152 175 224 224 243 ]
cp = [ 9.92698 9.92698 9.92698 9.92698 33.4924 33.4924 29.498 22.0242 22.0242 12.9764 ]
D = [ 782 95 618 164 824 48 761 737 747 511 274 307 137 588 442 797 254 235 148 379 654 374 59 47 ]
K = 5
nk = [ 1 1 1 1 2 2 3 4 4 5 ]
First = [ 1 0 0 0 1 0 1 1 0 1 ]
Last = [ 0 0 0 1 0 1 1 0 1 1 ]
nS = 5
S = [ 1 0 0 0 1 0 1 1 0 1 ]
