n = 10 ; 
T = 24 ; 
Init = [ 0 0 1 1 0 0 0 1 1 0 ]
L = [ 8 3 4 7 9 6 6 10 9 3 ]
l = [ 8 3 4 7 9 6 6 10 9 3 ]
Pmin = [ 91 28 43 74 98 58 63 100 93 29 ]
Pmax = [ 91 28 43 74 98 58 63 100 93 29 ]
cf = [ 59.9705 22.4569 42.6618 45.5029 63.1662 9.41354 39.8105 42.8427 48.1131 44.1857 ]
c0 = [ 243 78 136 203 250 152 166 250 240 100 ]
cp = [ 21.7089 36.0319 32.2555 13.3314 14.741 21.022 31.2813 8.18779 16.818 34.1576 ]
D = [ 170 209 251 265 301 336 386 405 439 482 503 546 591 535 496 449 393 366 396 465 515 421 348 270 ]
K = 11
nk = [ -1959401832 32762 -1959401832 32762 0 0 0 0 48 0 ]
First = [ 1 1 1 1 1 1 1 1 1 1 ]
Last = [ 1 1 1 1 1 1 1 1 1 1 ]
nS = 10
S = [ 1 1 1 1 1 1 1 1 1 1 ]
