n = 10 ; 
T = 24 ; 
Init = [ 1 1 1 1 1 1 1 0 0 0 ]
L = [ 6 9 8 3 2 5 10 2 3 9 ]
l = [ 6 9 8 3 2 5 10 2 3 9 ]
Pmin = [ 63 87 88 33 10 46 100 21 29 100 ]
Pmax = [ 63 87 88 33 10 46 100 21 29 100 ]
cf = [ 46.6978 51.5024 35.9152 58.0565 34.2536 36.1727 14.8974 43.6562 60.3205 63.2703 ]
c0 = [ 182 238 229 98 48 122 250 64 82 250 ]
cp = [ 19.8775 22.239 11.1876 30.5644 41.4792 19.9133 8.89567 40.7622 40.3966 9.09406 ]
D = [ 115 143 184 207 256 279 327 352 388 411 441 488 515 461 426 379 332 276 324 386 445 363 287 203 ]
K = 11
nk = [ -1959401832 32762 -1959401832 32762 0 0 0 0 48 0 ]
First = [ 1 1 1 1 1 1 1 1 1 1 ]
Last = [ 1 1 1 1 1 1 1 1 1 1 ]
nS = 10
S = [ 1 1 1 1 1 1 1 1 1 1 ]
