n = 10 ; 
T = 24 ; 
Init = [ 0 0 0 1 1 1 1 1 1 1 ]
L = [ 5 5 5 3 3 3 3 3 10 10 ]
l = [ 5 5 5 3 3 3 3 3 10 10 ]
Pmin = [ 58 58 58 24 24 24 24 24 100 100 ]
Pmax = [ 58 58 58 24 24 24 24 24 100 100 ]
cf = [ 57.2809 57.2809 57.2809 45.5772 45.5772 45.5772 45.5772 45.5772 7.37917 7.37917 ]
c0 = [ 156 156 156 76 76 76 76 76 250 250 ]
cp = [ 31.8862 31.8862 31.8862 28.5941 28.5941 28.5941 28.5941 28.5941 10.1978 10.1978 ]
D = [ 254 147 199 403 463 4 483 184 168 268 140 315 422 268 111 133 262 156 378 151 12 279 454 15 ]
K = 3
nk = [ 1 1 1 2 2 2 2 2 3 3 ]
First = [ 1 0 0 1 0 0 0 0 1 0 ]
Last = [ 0 0 1 0 0 0 0 1 0 1 ]
nS = 3
S = [ 1 0 0 1 0 0 0 0 1 0 ]
