n = 10 ; 
T = 24 ; 
Init = [ 1 0 0 0 1 1 1 0 0 0 ]
L = [ 2 9 3 10 3 4 2 5 2 2 ]
l = [ 2 9 3 10 3 4 2 5 2 2 ]
Pmin = [ 27 95 32 100 25 47 25 53 23 25 ]
Pmax = [ 27 95 32 100 25 47 25 53 23 25 ]
cf = [ 64.6864 8.77204 34.4556 50.4065 7.04886 48.489 11.6104 50.1054 10.7088 62.9649 ]
c0 = [ 92 242 107 250 74 125 85 155 74 86 ]
cp = [ 40.4729 17.1328 41.0366 8.03748 35.3196 30.3219 40.5792 35.1897 39.9118 41.6572 ]
D = [ 227 403 148 84 239 326 16 78 60 191 372 370 266 345 138 351 380 410 266 74 293 228 86 38 ]
K = 11
nk = [ 130758296 32656 130758296 32656 0 0 0 0 48 0 ]
First = [ 1 1 1 1 1 1 1 1 1 1 ]
Last = [ 1 1 1 1 1 1 1 1 1 1 ]
nS = 10
S = [ 1 1 1 1 1 1 1 1 1 1 ]
