n = 10 ; 
T = 24 ; 
Init = [ 1 1 1 1 1 0 1 0 0 0 ]
L = [ 6 8 9 2 7 4 10 5 3 7 ]
l = [ 6 8 9 2 7 4 10 5 3 7 ]
Pmin = [ 67 93 100 20 79 43 100 49 26 74 ]
Pmax = [ 67 93 100 20 79 43 100 49 26 74 ]
cf = [ 65.5949 56.594 16.6725 38.0092 24.569 41.0139 66.5367 16.0926 9.64288 54.5562 ]
c0 = [ 190 242 250 61 203 115 250 143 84 204 ]
cp = [ 33.9925 20.343 11.275 36.2214 14.3906 26.4684 9.30434 19.8891 34.4487 21.6361 ]
D = [ 173 211 224 271 305 328 357 381 415 451 474 509 533 487 447 406 365 347 373 422 455 399 318 241 ]
K = 11
nk = [ -1959401832 32762 -1959401832 32762 0 0 0 0 48 0 ]
First = [ 1 1 1 1 1 1 1 1 1 1 ]
Last = [ 1 1 1 1 1 1 1 1 1 1 ]
nS = 10
S = [ 1 1 1 1 1 1 1 1 1 1 ]
