n = 10 ; 
T = 24 ; 
Init = [ 1 0 0 1 0 1 1 1 1 1 ]
L = [ 4 6 7 9 2 3 10 6 8 4 ]
l = [ 4 6 7 9 2 3 10 6 8 4 ]
Pmin = [ 41 62 76 98 20 27 100 65 91 27 ]
Pmax = [ 41 62 76 98 20 27 100 65 91 27 ]
cf = [ 29.2224 38.072 33.8255 7.36638 58.0356 57.4634 8.31654 30.3503 49.6946 64.5781 ]
c0 = [ 129 166 213 250 68 87 250 173 236 98 ]
cp = [ 29.5138 24.3761 26.8495 13.5508 39.7669 39.7745 12.4202 23.8424 15.4163 36.0978 ]
D = [ 254 112 387 64 257 29 218 459 113 317 470 52 520 427 269 164 160 326 329 343 305 543 35 563 ]
K = 11
nk = [ 0 0 0 0 0 0 0 0 0 0 ]
First = [ 1 1 1 1 1 1 1 1 1 1 ]
Last = [ 1 1 1 1 1 1 1 1 1 1 ]
nS = 10
S = [ 1 1 1 1 1 1 1 1 1 1 ]
