n = 10 ; 
T = 24 ; 
Init = [ 0 1 1 1 0 1 1 1 1 0 ]
L = [ 9 9 4 10 3 5 8 4 8 9 ]
l = [ 9 9 4 10 3 5 8 4 8 9 ]
Pmin = [ 87 100 39 100 24 55 92 46 92 100 ]
Pmax = [ 87 100 39 100 24 55 92 46 92 100 ]
cf = [ 52.3112 31.0715 22.7807 8.27083 17.8158 41.0647 16.3834 37.8107 67.583 13.2937 ]
c0 = [ 221 250 109 250 90 158 245 125 236 250 ]
cp = [ 12.7296 18.6757 26.6192 8.49601 39.5398 22.6801 10.2731 28.1011 10.1419 9.96367 ]
D = [ 172 214 258 288 330 369 406 431 490 530 547 599 635 573 536 466 428 351 432 513 565 467 377 308 ]
K = 11
nk = [ -1959401832 32762 -1959401832 32762 0 0 0 0 48 0 ]
First = [ 1 1 1 1 1 1 1 1 1 1 ]
Last = [ 1 1 1 1 1 1 1 1 1 1 ]
nS = 10
S = [ 1 1 1 1 1 1 1 1 1 1 ]
