n = 10 ; 
T = 24 ; 
Init = [ 0 0 0 0 0 1 1 0 0 0 ]
L = [ 9 6 9 5 9 10 7 7 7 7 ]
l = [ 9 6 9 5 9 10 7 7 7 7 ]
Pmin = [ 98 70 95 55 98 100 84 73 86 71 ]
Pmax = [ 98 70 95 55 98 100 84 73 86 71 ]
cf = [ 63.6462 40.9217 10.8317 31.7359 24.3933 56.0514 25.2156 22.0312 16.4483 8.34894 ]
c0 = [ 250 189 250 164 250 250 213 192 228 190 ]
cp = [ 22.0733 16.968 14.917 19.6715 11.6672 9.49929 16.1088 31.2431 21.3442 16.0955 ]
D = [ 224 276 295 334 388 423 462 488 529 576 633 671 695 630 580 505 454 392 467 560 628 546 448 340 ]
K = 11
nk = [ -1959401832 32762 -1959401832 32762 0 0 0 0 48 0 ]
First = [ 1 1 1 1 1 1 1 1 1 1 ]
Last = [ 1 1 1 1 1 1 1 1 1 1 ]
nS = 10
S = [ 1 1 1 1 1 1 1 1 1 1 ]
