n = 10 ; 
T = 24 ; 
Init = [ 0 0 0 0 1 1 1 1 0 1 ]
L = [ 5 9 2 10 6 2 8 7 6 10 ]
l = [ 5 9 2 10 6 2 8 7 6 10 ]
Pmin = [ 53 100 25 100 60 19 89 76 71 100 ]
Pmax = [ 53 100 25 100 60 19 89 76 71 100 ]
cf = [ 10.7272 36.5289 30.6263 64.6659 8.75041 45.4097 46.6715 35.5785 55.9472 15.9603 ]
c0 = [ 144 250 72 250 163 62 228 207 191 250 ]
cp = [ 28.4162 11.8029 41.0955 8.37617 20.0694 41.3917 17.5411 30.4279 22.452 8.27794 ]
D = [ 188 247 273 307 342 369 387 425 469 490 533 575 595 537 487 440 378 338 374 440 517 419 334 228 ]
K = 11
nk = [ -1959401832 32762 -1959401832 32762 0 0 0 0 48 0 ]
First = [ 1 1 1 1 1 1 1 1 1 1 ]
Last = [ 1 1 1 1 1 1 1 1 1 1 ]
nS = 10
S = [ 1 1 1 1 1 1 1 1 1 1 ]
