n = 10 ; 
T = 24 ; 
Init = [ 1 1 1 1 1 0 0 0 0 0 ]
L = [ 8 8 8 8 6 4 9 9 7 7 ]
l = [ 8 8 8 8 6 4 9 9 7 7 ]
Pmin = [ 83 83 83 83 60 32 89 89 83 83 ]
Pmax = [ 83 83 83 83 60 32 89 89 83 83 ]
cf = [ 60.9193 60.9193 60.9193 60.9193 56.7788 58.0211 13.7255 13.7255 8.23614 8.23614 ]
c0 = [ 218 218 218 218 157 103 233 233 228 228 ]
cp = [ 27.4788 27.4788 27.4788 27.4788 24.4968 38.3996 17.0876 17.0876 24.0535 24.0535 ]
D = [ 457 280 570 713 327 509 585 406 721 330 530 310 397 337 688 266 401 611 209 393 114 98 231 736 ]
K = 5
nk = [ 1 1 1 1 2 3 4 4 5 5 ]
First = [ 1 0 0 0 1 1 1 0 1 0 ]
Last = [ 0 0 0 1 1 1 0 1 0 1 ]
nS = 5
S = [ 1 0 0 0 1 1 1 0 1 0 ]
