n = 10 ; 
T = 24 ; 
Init = [ 0 0 0 0 0 1 1 1 1 1 ]
L = [ 10 10 10 10 10 5 5 5 5 8 ]
l = [ 10 10 10 10 10 5 5 5 5 8 ]
Pmin = [ 100 100 100 100 100 52 52 52 52 81 ]
Pmax = [ 100 100 100 100 100 52 52 52 52 81 ]
cf = [ 16.0628 16.0628 16.0628 16.0628 16.0628 20.2494 20.2494 20.2494 20.2494 28.9969 ]
c0 = [ 250 250 250 250 250 151 151 151 151 226 ]
cp = [ 8.34735 8.34735 8.34735 8.34735 8.34735 29.8619 29.8619 29.8619 29.8619 19.3678 ]
D = [ 406 448 398 550 304 463 604 787 573 66 199 765 592 169 151 403 147 738 154 417 587 267 583 74 ]
K = 3
nk = [ 1 1 1 1 1 2 2 2 2 3 ]
First = [ 1 0 0 0 0 1 0 0 0 1 ]
Last = [ 0 0 0 0 1 0 0 0 1 1 ]
nS = 3
S = [ 1 0 0 0 0 1 0 0 0 1 ]
