n = 10 ; 
T = 48 ; 
Init = [ 1 1 0 0 1 0 1 1 1 1 ]
L = [ 6 9 9 9 9 9 4 6 5 3 ]
l = [ 6 9 9 9 9 9 4 6 5 3 ]
Pmin = [ 63 100 94 91 97 98 29 69 53 27 ]
Pmax = [ 63 100 94 91 97 98 29 69 53 27 ]
cf = [ 57.8133 56.6962 24.4707 28.956 20.1089 17.819 41.1039 30.1799 15.3574 7.80258 ]
c0 = [ 178 250 241 245 250 246 85 185 145 91 ]
cp = [ 30.9236 11.0429 18.3839 14.4538 16.3254 14.9838 40.5672 22.3225 27.2856 33.2226 ]
D = [ 198 231 261 296 331 371 417 449 478 511 537 578 618 568 499 465 419 378 446 518 589 497 392 299 217 254 284 327 361 392 408 449 492 536 571 586 622 575 535 479 411 356 414 466 524 435 338 243 ]
K = 11
nk = [ -608203944 32649 -608203944 32649 0 0 0 0 0 0 ]
First = [ 0 0 0 0 0 0 0 0 0 0 ]
Last = [ 0 0 0 0 0 0 0 0 0 0 ]
nS = 1
S = [ 6.92829e-310 6.92829e-310 0 0 0 0 0 0 0 0 ]
