n = 10 ; 
T = 48 ; 
Init = [ 1 0 0 0 0 1 0 1 0 1 ]
L = [ 6 8 8 4 9 2 10 9 5 8 ]
l = [ 6 8 8 4 9 2 10 9 5 8 ]
Pmin = [ 61 79 92 41 100 14 100 100 55 80 ]
Pmax = [ 61 79 92 41 100 14 100 100 55 80 ]
cf = [ 40.9053 35.811 18.1561 15.7689 62.2365 43.0771 19.1268 26.294 67.0573 56.1707 ]
c0 = [ 163 221 239 125 250 48 250 250 148 219 ]
cp = [ 21.9015 24.3006 12.7059 36.1627 8.86934 41.2608 9.38229 13.8648 29.8096 26.3516 ]
D = [ 176 215 248 271 324 365 383 428 450 479 522 559 600 557 508 453 402 350 417 465 507 421 343 244 146 205 222 279 308 341 388 423 469 496 547 587 623 585 511 459 419 366 428 500 549 455 365 297 ]
K = 11
nk = [ -608203944 32649 -608203944 32649 0 0 0 0 0 0 ]
First = [ 0 0 0 0 0 0 0 0 0 0 ]
Last = [ 0 0 0 0 0 0 0 0 0 0 ]
nS = 1
S = [ 6.92829e-310 6.92829e-310 0 0 0 0 0 0 0 0 ]
