n = 10 ; 
T = 48 ; 
Init = [ 1 1 0 0 0 1 0 0 1 1 ]
L = [ 7 4 3 5 7 7 8 3 5 8 ]
l = [ 7 4 3 5 7 7 8 3 5 8 ]
Pmin = [ 84 39 38 53 68 64 94 38 50 86 ]
Pmax = [ 84 39 38 53 68 64 94 38 50 86 ]
cf = [ 33.6204 62.8591 9.40383 12.9584 10.0279 20.8377 23.4321 44.7104 9.95231 53.9394 ]
c0 = [ 224 105 114 145 179 177 243 121 135 232 ]
cp = [ 15.9313 33.1073 34.004 19.6396 27.0781 18.8978 15.9338 36.5322 26.7916 11.2215 ]
D = [ 170 215 229 275 296 326 353 387 406 450 483 509 525 497 459 415 355 328 376 405 464 377 317 246 190 204 229 266 289 305 333 356 393 426 438 465 501 444 415 377 348 294 349 397 432 374 290 209 ]
K = 11
nk = [ -608203944 32649 -608203944 32649 0 0 0 0 0 0 ]
First = [ 0 0 0 0 0 0 0 0 0 0 ]
Last = [ 0 0 0 0 0 0 0 0 0 0 ]
nS = 1
S = [ 6.92829e-310 6.92829e-310 0 0 0 0 0 0 0 0 ]
