n = 10 ; 
T = 48 ; 
Init = [ 1 0 0 1 0 0 1 1 1 0 ]
L = [ 5 8 7 3 9 7 10 5 8 10 ]
l = [ 5 8 7 3 9 7 10 5 8 10 ]
Pmin = [ 54 93 81 26 100 74 100 53 85 100 ]
Pmax = [ 54 93 81 26 100 74 100 53 85 100 ]
cf = [ 37.2284 22.7997 39.9099 27.4628 48.266 65.9545 15.4302 41.3943 49.4571 55.8365 ]
c0 = [ 162 245 211 82 250 196 250 156 233 250 ]
cp = [ 20.3025 18.733 18.3644 30.7183 11.963 28.7515 8.33001 31.7751 10.7908 9.02465 ]
D = [ 205 246 266 320 354 381 425 447 496 512 574 585 637 589 515 489 422 371 442 518 596 484 405 304 207 262 295 306 346 397 437 468 496 523 567 607 628 591 530 499 438 371 432 511 555 467 367 266 ]
K = 11
nk = [ -608203944 32649 -608203944 32649 0 0 0 0 0 0 ]
First = [ 0 0 0 0 0 0 0 0 0 0 ]
Last = [ 0 0 0 0 0 0 0 0 0 0 ]
nS = 1
S = [ 6.92829e-310 6.92829e-310 0 0 0 0 0 0 0 0 ]
