n = 10 ; 
T = 48 ; 
Init = [ 1 0 0 0 1 1 0 0 0 1 ]
L = [ 9 2 8 3 6 10 4 5 3 10 ]
l = [ 9 2 8 3 6 10 4 5 3 10 ]
Pmin = [ 96 12 95 18 66 100 41 57 30 100 ]
Pmax = [ 96 12 95 18 66 100 41 57 30 100 ]
cf = [ 51.5628 36.661 30.1061 42.7063 45.1316 65.4283 30.8798 31.1935 53.0201 58.2365 ]
c0 = [ 250 50 250 68 171 250 112 167 103 250 ]
cp = [ 17.3536 41.3611 14.2799 36.9234 27.4153 8.99462 27.9117 24.628 38.6807 11.2406 ]
D = [ 144 171 201 229 271 315 343 387 415 436 494 512 544 511 445 401 357 309 368 409 467 405 328 259 190 213 233 269 311 325 369 396 427 457 477 520 547 498 459 400 358 299 343 400 442 378 321 255 ]
K = 11
nk = [ -608203944 32649 -608203944 32649 0 0 0 0 0 0 ]
First = [ 0 0 0 0 0 0 0 0 0 0 ]
Last = [ 0 0 0 0 0 0 0 0 0 0 ]
nS = 1
S = [ 6.92829e-310 6.92829e-310 0 0 0 0 0 0 0 0 ]
