n = 10 ; 
T = 48 ; 
Init = [ 1 0 0 0 1 0 0 1 0 0 ]
L = [ 5 5 7 3 4 7 8 5 6 4 ]
l = [ 5 5 7 3 4 7 8 5 6 4 ]
Pmin = [ 41 53 74 32 40 79 85 47 52 33 ]
Pmax = [ 41 53 74 32 40 79 85 47 52 33 ]
cf = [ 25.2084 54.2547 64.2767 24.9731 51.719 53.543 17.6901 17.7394 26.8123 27.9405 ]
c0 = [ 114 140 191 99 118 214 226 125 147 91 ]
cp = [ 31.5222 31.6708 16.6158 34.9577 27.2187 21.9241 12.894 35.5579 29.7251 35.0344 ]
D = [ 125 152 183 222 241 275 290 329 363 387 404 442 463 421 379 341 305 273 298 352 390 331 267 198 135 161 173 204 233 276 298 311 341 374 414 439 461 422 371 346 305 256 305 363 409 326 257 187 ]
K = 11
nk = [ -608203944 32649 -608203944 32649 0 0 0 0 0 0 ]
First = [ 0 0 0 0 0 0 0 0 0 0 ]
Last = [ 0 0 0 0 0 0 0 0 0 0 ]
nS = 1
S = [ 6.92829e-310 6.92829e-310 0 0 0 0 0 0 0 0 ]
