n = 10 ; 
T = 48 ; 
Init = [ 0 0 0 1 0 1 0 1 1 1 ]
L = [ 3 2 10 4 6 6 5 5 5 6 ]
l = [ 3 2 10 4 6 6 5 5 5 6 ]
Pmin = [ 24 17 100 36 66 60 51 52 50 63 ]
Pmax = [ 24 17 100 36 66 60 51 52 50 63 ]
cf = [ 9.51983 38.8023 39.9038 51.5323 44.0601 17.3618 22.6926 68.4124 23.8857 13.3389 ]
c0 = [ 90 73 250 99 185 163 141 150 138 168 ]
cp = [ 39.419 39.045 9.04215 35.113 22.9046 30.1201 32.3458 27.0369 32.8284 24.1871 ]
D = [ 128 168 187 213 234 257 289 310 349 368 381 414 432 406 368 322 291 242 305 346 405 318 261 193 125 135 162 201 225 253 267 309 323 353 389 417 434 395 377 326 309 262 306 323 355 298 253 177 ]
K = 11
nk = [ -608203944 32649 -608203944 32649 0 0 0 0 0 0 ]
First = [ 0 0 0 0 0 0 0 0 0 0 ]
Last = [ 0 0 0 0 0 0 0 0 0 0 ]
nS = 1
S = [ 6.92829e-310 6.92829e-310 0 0 0 0 0 0 0 0 ]
