n = 10 ; 
T = 48 ; 
Init = [ 0 0 1 0 0 1 0 0 1 0 ]
L = [ 8 6 7 9 5 4 2 9 6 7 ]
l = [ 8 6 7 9 5 4 2 9 6 7 ]
Pmin = [ 89 62 76 98 49 32 15 100 69 73 ]
Pmax = [ 89 62 76 98 49 32 15 100 69 73 ]
cf = [ 66.5968 33.9721 55.4874 40.5927 54.9337 16.3501 45.6615 14.0102 66.7129 34.8597 ]
c0 = [ 231 178 208 250 150 94 50 250 179 205 ]
cp = [ 11.6545 19.9748 26.7765 9.96185 31.3701 40.2427 41.2823 15.5839 33.1535 24.9979 ]
D = [ 154 186 221 262 276 311 337 366 397 437 460 501 534 486 462 418 398 360 381 437 487 397 317 258 167 198 234 268 303 321 364 376 415 455 468 515 547 498 450 427 365 338 393 418 482 393 320 242 ]
K = 11
nk = [ -608203944 32649 -608203944 32649 0 0 0 0 0 0 ]
First = [ 0 0 0 0 0 0 0 0 0 0 ]
Last = [ 0 0 0 0 0 0 0 0 0 0 ]
nS = 1
S = [ 6.92829e-310 6.92829e-310 0 0 0 0 0 0 0 0 ]
