n = 10 ; 
T = 48 ; 
Init = [ 0 0 0 1 0 0 0 1 1 1 ]
L = [ 5 7 9 8 7 5 7 8 9 5 ]
l = [ 5 7 9 8 7 5 7 8 9 5 ]
Pmin = [ 56 81 99 85 80 57 77 89 100 54 ]
Pmax = [ 56 81 99 85 80 57 77 89 100 54 ]
cf = [ 57.4351 53.1698 7.83973 54.015 69.6289 65.6722 35.582 21.1042 23.6561 19.6324 ]
c0 = [ 158 224 250 218 219 164 201 236 250 148 ]
cp = [ 24.3369 21.3797 13.3691 28.5931 21.8382 35.1335 23.2954 21.7715 13.5855 27.422 ]
D = [ 187 234 270 293 333 365 424 441 493 509 545 598 630 585 521 486 425 390 444 486 571 477 390 290 223 246 271 320 341 384 435 452 486 516 579 592 621 588 546 500 454 398 450 529 575 481 393 302 ]
K = 11
nk = [ -608203944 32649 -608203944 32649 0 0 0 0 0 0 ]
First = [ 0 0 0 0 0 0 0 0 0 0 ]
Last = [ 0 0 0 0 0 0 0 0 0 0 ]
nS = 1
S = [ 6.92829e-310 6.92829e-310 0 0 0 0 0 0 0 0 ]
