n = 10 ; 
T = 48 ; 
Init = [ 1 1 0 1 1 1 1 0 1 0 ]
L = [ 2 10 5 7 7 4 4 9 8 7 ]
l = [ 2 10 5 7 7 4 4 9 8 7 ]
Pmin = [ 21 98 46 80 76 44 30 100 82 84 ]
Pmax = [ 21 98 46 80 76 44 30 100 82 84 ]
cf = [ 8.11147 36.8965 41.4334 38.3646 52.2368 10.4474 28.2867 63.1581 58.8564 30.6486 ]
c0 = [ 68 250 131 218 209 124 87 250 229 224 ]
cp = [ 37.6132 8.32229 30.1972 33.3011 23.7041 35.3052 26.8662 10.6949 13.8917 27.3618 ]
D = [ 191 225 244 280 327 364 391 412 452 486 509 562 593 524 491 423 368 320 383 430 490 406 330 249 160 191 236 266 307 355 372 415 456 486 536 550 596 547 493 432 375 333 386 451 512 414 342 251 ]
K = 11
nk = [ 0 0 0 0 0 0 0 0 0 0 ]
First = [ 0 0 0 0 0 0 0 0 0 0 ]
Last = [ 0 0 0 0 0 0 0 0 0 0 ]
nS = 1
S = [ 0 0 0 0 0 0 0 0 0 0 ]
