n = 10 ; 
T = 48 ; 
Init = [ 0 1 0 1 1 0 0 1 0 0 ]
L = [ 9 3 10 9 7 3 6 8 6 7 ]
l = [ 9 3 10 9 7 3 6 8 6 7 ]
Pmin = [ 94 28 100 100 73 23 65 83 61 85 ]
Pmax = [ 94 28 100 100 73 23 65 83 61 85 ]
cf = [ 50.6254 23.1729 51.0052 30.6991 52.187 42.8421 55.9413 22.9963 7.67611 35.0315 ]
c0 = [ 242 99 250 250 203 67 168 222 174 228 ]
cp = [ 13.1898 30.458 9.99725 10.8601 24.717 39.95 28.9732 11.5192 25.9266 22.8357 ]
D = [ 144 175 210 255 299 341 370 404 439 466 505 548 575 546 483 453 396 350 423 477 559 454 367 260 164 190 238 254 308 337 390 420 443 493 523 564 618 565 508 460 391 351 406 479 524 445 355 280 ]
K = 11
nk = [ 0 0 0 0 0 0 0 0 0 0 ]
First = [ 0 0 0 0 0 0 0 0 0 0 ]
Last = [ 0 0 0 0 0 0 0 0 0 0 ]
nS = 1
S = [ 0 0 0 0 0 0 0 0 0 0 ]
