n = 10 ; 
T = 48 ; 
Init = [ 0 1 1 0 0 1 0 0 1 0 ]
L = [ 2 9 6 5 8 8 7 10 6 9 ]
l = [ 2 9 6 5 8 8 7 10 6 9 ]
Pmin = [ 29 99 66 49 84 81 72 100 58 100 ]
Pmax = [ 29 99 66 49 84 81 72 100 58 100 ]
cf = [ 24.1671 49.2219 20.7522 8.90818 10.5718 34.3778 9.96902 32.4181 31.9929 27.7973 ]
c0 = [ 100 250 180 129 218 209 186 250 168 250 ]
cp = [ 39.376 11.713 27.9554 33.7306 17.5406 23.9244 13.959 12.0732 20.4097 12.8499 ]
D = [ 163 206 265 287 341 374 405 456 511 530 587 611 656 596 529 472 426 370 416 481 542 447 348 238 150 200 227 281 319 356 394 424 481 500 544 579 644 573 517 454 405 351 417 457 536 438 341 278 ]
K = 11
nk = [ -608203944 32649 -608203944 32649 0 0 0 0 0 0 ]
First = [ 0 0 0 0 0 0 0 0 0 0 ]
Last = [ 0 0 0 0 0 0 0 0 0 0 ]
nS = 1
S = [ 6.92829e-310 6.92829e-310 0 0 0 0 0 0 0 0 ]
