n = 10 ; 
T = 48 ; 
Init = [ 1 0 0 0 1 0 0 1 1 1 ]
L = [ 8 8 8 10 3 10 4 4 7 4 ]
l = [ 8 8 8 10 3 10 4 4 7 4 ]
Pmin = [ 92 91 84 100 28 100 48 41 72 46 ]
Pmax = [ 92 91 84 100 28 100 48 41 72 46 ]
cf = [ 65.8985 21.7023 69.4768 11.1155 45.3401 14.2223 69.1168 35.0524 34.0666 14.8277 ]
c0 = [ 237 243 234 250 85 250 135 127 193 124 ]
cp = [ 21.7698 17.15 15.0138 10.1936 30.7904 9.80572 26.3261 36.1865 18.4469 35.4986 ]
D = [ 136 189 215 270 286 328 363 421 442 495 518 561 595 537 506 441 376 326 408 471 561 467 364 277 205 216 252 292 319 344 389 420 442 479 520 530 579 519 474 440 374 345 421 479 553 470 370 263 ]
K = 11
nk = [ -608203944 32649 -608203944 32649 0 0 0 0 0 0 ]
First = [ 0 0 0 0 0 0 0 0 0 0 ]
Last = [ 0 0 0 0 0 0 0 0 0 0 ]
nS = 1
S = [ 6.92829e-310 6.92829e-310 0 0 0 0 0 0 0 0 ]
