n = 10 ; 
T = 48 ; 
Init = [ 1 0 0 0 0 0 0 0 0 0 ]
L = [ 9 2 8 3 9 3 5 8 2 5 ]
l = [ 9 2 8 3 9 3 5 8 2 5 ]
Pmin = [ 99 16 86 29 97 36 49 94 24 46 ]
Pmax = [ 99 16 86 29 97 36 49 94 24 46 ]
cf = [ 24.1201 60.8036 11.8797 67.5798 38.933 65.68 26.2966 13.4955 59.2318 23.7933 ]
c0 = [ 248 51 235 94 250 97 149 250 79 140 ]
cp = [ 11.3061 40.1961 11.5024 30.5033 11.6727 34.0782 33.7289 12.1335 40.1599 29.0825 ]
D = [ 148 167 193 239 260 279 322 344 358 396 426 442 477 440 403 358 329 283 332 389 444 358 279 207 155 164 200 223 254 285 325 347 371 405 436 471 485 456 403 370 320 285 338 402 443 371 309 228 ]
K = 11
nk = [ -608203944 32649 -608203944 32649 0 0 0 0 0 0 ]
First = [ 0 0 0 0 0 0 0 0 0 0 ]
Last = [ 0 0 0 0 0 0 0 0 0 0 ]
nS = 1
S = [ 6.92829e-310 6.92829e-310 0 0 0 0 0 0 0 0 ]
