n = 10 ; 
T = 48 ; 
Init = [ 0 1 1 0 0 0 0 1 1 0 ]
L = [ 3 6 4 4 5 4 3 4 6 5 ]
l = [ 3 6 4 4 5 4 3 4 6 5 ]
Pmin = [ 32 66 46 33 60 37 27 31 60 52 ]
Pmax = [ 32 66 46 33 60 37 27 31 60 52 ]
cf = [ 11.7599 57.0263 63.6301 69.0503 69.1646 46.1424 23.848 39.8984 56.5955 26.7872 ]
c0 = [ 105 189 129 110 166 122 86 95 154 147 ]
cp = [ 38.7925 18.076 32.5024 24.3291 26.034 34.7627 29.4194 28.7608 25.7014 19.1615 ]
D = [ 131 140 162 195 203 234 253 264 285 314 336 346 366 338 308 288 250 233 256 278 319 259 216 168 125 145 160 192 214 223 260 274 300 310 342 359 387 357 321 299 268 224 260 306 339 275 224 168 ]
K = 11
nk = [ -608203944 32649 -608203944 32649 0 0 0 0 0 0 ]
First = [ 0 0 0 0 0 0 0 0 0 0 ]
Last = [ 0 0 0 0 0 0 0 0 0 0 ]
nS = 1
S = [ 6.92829e-310 6.92829e-310 0 0 0 0 0 0 0 0 ]
