n = 10 ; 
T = 48 ; 
Init = [ 1 0 1 1 0 0 0 0 1 1 ]
L = [ 8 4 4 3 5 5 9 5 6 3 ]
l = [ 8 4 4 3 5 5 9 5 6 3 ]
Pmin = [ 85 39 36 31 42 57 99 44 64 31 ]
Pmax = [ 85 39 36 31 42 57 99 44 64 31 ]
cf = [ 22.4246 12.7413 17.357 57.3079 23.5802 26.7194 22.351 60.7307 54.6708 34.9457 ]
c0 = [ 218 114 99 96 111 169 250 138 173 105 ]
cp = [ 17.3449 35.0946 38.2059 41.3353 31.4287 23.5991 9.91144 32.6861 23.0452 35.0224 ]
D = [ 157 186 197 229 250 260 283 309 331 364 379 399 443 394 367 346 303 274 307 351 405 331 266 204 140 164 184 223 256 284 300 340 369 388 426 443 476 444 392 361 313 272 308 362 391 325 265 204 ]
K = 11
nk = [ -608203944 32649 -608203944 32649 0 0 0 0 0 0 ]
First = [ 0 0 0 0 0 0 0 0 0 0 ]
Last = [ 0 0 0 0 0 0 0 0 0 0 ]
nS = 1
S = [ 6.92829e-310 6.92829e-310 0 0 0 0 0 0 0 0 ]
