n = 10 ; 
T = 48 ; 
Init = [ 0 0 1 1 1 1 1 0 1 0 ]
L = [ 7 9 7 9 4 2 8 2 3 2 ]
l = [ 7 9 7 9 4 2 8 2 3 2 ]
Pmin = [ 80 100 75 98 40 23 75 29 28 23 ]
Pmax = [ 80 100 75 98 40 23 75 29 28 23 ]
cf = [ 69.0105 56.7064 63.6819 40.7481 36.9358 29.9802 29.3994 49.596 23.5871 49.7994 ]
c0 = [ 217 250 195 250 117 74 211 101 98 73 ]
cp = [ 22.1326 9.85011 32.5931 12.4412 34.2814 41.2443 14.3449 34.8885 33.2423 41.4827 ]
D = [ 116 140 187 206 230 279 292 345 353 392 426 456 482 446 405 370 326 281 340 401 445 380 297 227 170 189 212 235 270 303 319 349 388 403 433 479 497 459 410 388 348 305 342 384 435 357 290 220 ]
K = 11
nk = [ -608203944 32649 -608203944 32649 0 0 0 0 0 0 ]
First = [ 0 0 0 0 0 0 0 0 0 0 ]
Last = [ 0 0 0 0 0 0 0 0 0 0 ]
nS = 1
S = [ 6.92829e-310 6.92829e-310 0 0 0 0 0 0 0 0 ]
