n = 10 ; 
T = 48 ; 
Init = [ 1 1 0 0 1 0 1 1 1 1 ]
L = [ 4 5 3 5 3 3 7 7 9 3 ]
l = [ 4 5 3 5 3 3 7 7 9 3 ]
Pmin = [ 38 54 34 46 21 24 74 81 97 30 ]
Pmax = [ 38 54 34 46 21 24 74 81 97 30 ]
cf = [ 63.5244 33.8567 11.226 44.3778 51.9895 25.948 48.2058 20.2779 65.66 52.5894 ]
c0 = [ 113 159 97 138 65 86 200 222 250 95 ]
cp = [ 29.892 30.8019 39.2804 28.9961 32.2986 40.8335 20.9295 19.326 9.76698 40.3273 ]
D = [ 108 130 157 188 222 243 261 301 329 358 385 407 430 397 346 308 280 239 275 318 361 307 257 190 126 166 191 208 227 257 280 313 333 350 384 406 423 393 351 313 290 248 293 319 362 312 242 194 ]
K = 11
nk = [ -608203944 32649 -608203944 32649 0 0 0 0 0 0 ]
First = [ 0 0 0 0 0 0 0 0 0 0 ]
Last = [ 0 0 0 0 0 0 0 0 0 0 ]
nS = 1
S = [ 6.92829e-310 6.92829e-310 0 0 0 0 0 0 0 0 ]
