n = 20 ; 
T = 24 ; 
Init = [ 1 1 1 1 1 1 1 1 1 1 1 1 1 0 0 0 0 0 0 0 ]
L = [ 4 4 4 4 4 4 4 4 4 4 8 8 5 9 3 3 3 3 3 3 ]
l = [ 4 4 4 4 4 4 4 4 4 4 8 8 5 9 3 3 3 3 3 3 ]
Pmin = [ 37 37 37 37 37 37 37 37 37 37 79 79 52 86 35 35 35 35 35 35 ]
Pmax = [ 37 37 37 37 37 37 37 37 37 37 79 79 52 86 35 35 35 35 35 35 ]
cf = [ 9.81104 9.81104 9.81104 9.81104 9.81104 9.81104 9.81104 9.81104 9.81104 9.81104 64.5149 64.5149 13.3772 28.1402 45.3798 45.3798 45.3798 45.3798 45.3798 45.3798 ]
c0 = [ 115 115 115 115 115 115 115 115 115 115 202 202 151 233 112 112 112 112 112 112 ]
cp = [ 30.37 30.37 30.37 30.37 30.37 30.37 30.37 30.37 30.37 30.37 18.4815 18.4815 26.6919 14.8376 33.5328 33.5328 33.5328 33.5328 33.5328 33.5328 ]
D = [ 633 574 753 441 593 199 234 226 261 512 72 300 436 161 594 93 509 759 320 262 100 855 663 421 ]
K = 5
nk = [ 1 1 1 1 1 1 1 1 1 1 2 2 3 4 5 5 5 5 5 5 ]
First = [ 1 0 0 0 0 0 0 0 0 0 1 0 1 1 1 0 0 0 0 0 ]
Last = [ 0 0 0 0 0 0 0 0 0 1 0 1 1 1 0 0 0 0 0 1 ]
nS = 5
S = [ 1 0 0 0 0 0 0 0 0 0 1 0 1 1 1 0 0 0 0 0 ]
