n = 20 ; 
T = 24 ; 
Init = [ 0 0 0 0 0 0 0 0 0 0 0 0 0 0 0 0 0 0 1 1 ]
L = [ 10 10 10 10 10 9 9 9 9 9 9 9 9 4 4 4 9 9 9 9 ]
l = [ 10 10 10 10 10 9 9 9 9 9 9 9 9 4 4 4 9 9 9 9 ]
Pmin = [ 100 100 100 100 100 91 91 91 91 91 91 91 91 35 38 38 99 99 100 100 ]
Pmax = [ 100 100 100 100 100 91 91 91 91 91 91 91 91 35 38 38 99 99 100 100 ]
cf = [ 59.1831 59.1831 59.1831 59.1831 59.1831 16.5605 16.5605 16.5605 16.5605 16.5605 16.5605 16.5605 16.5605 26.4159 62.3159 62.3159 15.5479 15.5479 23.6261 23.6261 ]
c0 = [ 250 250 250 250 250 233 233 233 233 233 233 233 233 107 106 106 250 250 250 250 ]
cp = [ 8.99368 8.99368 8.99368 8.99368 8.99368 12.2016 12.2016 12.2016 12.2016 12.2016 12.2016 12.2016 12.2016 36.2817 40.4298 40.4298 11.4601 11.4601 9.40274 9.40274 ]
D = [ 1050 37 523 112 438 884 514 686 784 621 583 486 885 1118 274 1121 1577 1168 872 521 480 1155 1177 72 ]
K = 6
nk = [ 1 1 1 1 1 2 2 2 2 2 2 2 2 3 4 4 5 5 6 6 ]
First = [ 1 0 0 0 0 1 0 0 0 0 0 0 0 1 1 0 1 0 1 0 ]
Last = [ 0 0 0 0 1 0 0 0 0 0 0 0 1 1 0 1 0 1 0 1 ]
nS = 6
S = [ 1 0 0 0 0 1 0 0 0 0 0 0 0 1 1 0 1 0 1 0 ]
