n = 20 ; 
T = 24 ; 
Init = [ 1 1 1 1 0 0 0 0 0 0 0 1 1 1 1 1 1 1 1 1 ]
L = [ 6 6 6 6 10 10 10 10 10 10 10 5 5 5 5 5 5 5 5 5 ]
l = [ 6 6 6 6 10 10 10 10 10 10 10 5 5 5 5 5 5 5 5 5 ]
Pmin = [ 66 66 66 66 100 100 100 100 100 100 100 54 54 54 54 54 54 54 54 54 ]
Pmax = [ 66 66 66 66 100 100 100 100 100 100 100 54 54 54 54 54 54 54 54 54 ]
cf = [ 9.89346 9.89346 9.89346 9.89346 41.8173 41.8173 41.8173 41.8173 41.8173 41.8173 41.8173 34.9915 34.9915 34.9915 34.9915 34.9915 34.9915 34.9915 34.9915 34.9915 ]
c0 = [ 174 174 174 174 250 250 250 250 250 250 250 150 150 150 150 150 150 150 150 150 ]
cp = [ 33.0813 33.0813 33.0813 33.0813 10.6837 10.6837 10.6837 10.6837 10.6837 10.6837 10.6837 22.8836 22.8836 22.8836 22.8836 22.8836 22.8836 22.8836 22.8836 22.8836 ]
D = [ 1076 1254 711 1171 271 1360 820 223 1344 77 1114 1411 878 308 1420 1209 1041 909 31 357 595 1344 1407 1020 ]
K = 3
nk = [ 1 1 1 1 2 2 2 2 2 2 2 3 3 3 3 3 3 3 3 3 ]
First = [ 1 0 0 0 1 0 0 0 0 0 0 1 0 0 0 0 0 0 0 0 ]
Last = [ 0 0 0 1 0 0 0 0 0 0 1 0 0 0 0 0 0 0 0 1 ]
nS = 3
S = [ 1 0 0 0 1 0 0 0 0 0 0 1 0 0 0 0 0 0 0 0 ]
