n = 20 ; 
T = 24 ; 
Init = [ 0 1 1 0 0 0 0 0 0 0 0 0 0 0 1 1 1 0 0 0 ]
L = [ 3 5 5 7 7 7 7 7 7 7 7 10 10 5 7 7 7 9 9 9 ]
l = [ 3 5 5 7 7 7 7 7 7 7 7 10 10 5 7 7 7 9 9 9 ]
Pmin = [ 24 49 49 81 81 81 81 81 81 81 81 100 100 55 67 67 67 93 93 93 ]
Pmax = [ 24 49 49 81 81 81 81 81 81 81 81 100 100 55 67 67 67 93 93 93 ]
cf = [ 64.1906 65.4611 65.4611 18.2105 18.2105 18.2105 18.2105 18.2105 18.2105 18.2105 18.2105 52.6358 52.6358 21.97 39.148 39.148 39.148 37.7979 37.7979 37.7979 ]
c0 = [ 73 142 142 224 224 224 224 224 224 224 224 250 250 163 192 192 192 250 250 250 ]
cp = [ 40.7803 34.9195 34.9195 12.8483 12.8483 12.8483 12.8483 12.8483 12.8483 12.8483 12.8483 9.52688 9.52688 29.2957 20.3022 20.3022 20.3022 11.5229 11.5229 11.5229 ]
D = [ 958 789 836 324 626 1348 1464 1488 413 422 88 274 314 355 1364 671 1123 595 131 128 37 1419 993 327 ]
K = 7
nk = [ 1 2 2 3 3 3 3 3 3 3 3 4 4 5 6 6 6 7 7 7 ]
First = [ 1 1 0 1 0 0 0 0 0 0 0 1 0 1 1 0 0 1 0 0 ]
Last = [ 1 0 1 0 0 0 0 0 0 0 1 0 1 1 0 0 1 0 0 1 ]
nS = 7
S = [ 1 1 0 1 0 0 0 0 0 0 0 1 0 1 1 0 0 1 0 0 ]
