n = 20 ; 
T = 24 ; 
Init = [ 0 0 0 0 0 0 1 1 1 1 1 1 1 1 0 0 0 1 1 1 ]
L = [ 4 4 4 4 6 6 10 10 10 10 10 8 8 8 3 3 3 2 2 2 ]
l = [ 4 4 4 4 6 6 10 10 10 10 10 8 8 8 3 3 3 2 2 2 ]
Pmin = [ 32 32 32 32 56 56 100 100 100 100 100 85 85 85 28 28 28 21 21 21 ]
Pmax = [ 32 32 32 32 56 56 100 100 100 100 100 85 85 85 28 28 28 21 21 21 ]
cf = [ 9.06213 9.06213 9.06213 9.06213 52.1887 52.1887 27.759 27.759 27.759 27.759 27.759 20.8354 20.8354 20.8354 15.6103 15.6103 15.6103 30.5616 30.5616 30.5616 ]
c0 = [ 106 106 106 106 162 162 250 250 250 250 250 225 225 225 85 85 85 81 81 81 ]
cp = [ 23.0783 23.0783 23.0783 23.0783 30.4048 30.4048 8.49 8.49 8.49 8.49 8.49 21.5265 21.5265 21.5265 39.8742 39.8742 39.8742 32.371 32.371 32.371 ]
D = [ 995 828 819 554 698 18 359 310 98 92 846 135 911 81 386 1067 508 64 936 676 1036 790 635 607 ]
K = 6
nk = [ 1 1 1 1 2 2 3 3 3 3 3 4 4 4 5 5 5 6 6 6 ]
First = [ 1 0 0 0 1 0 1 0 0 0 0 1 0 0 1 0 0 1 0 0 ]
Last = [ 0 0 0 1 0 1 0 0 0 0 1 0 0 1 0 0 1 0 0 1 ]
nS = 6
S = [ 1 0 0 0 1 0 1 0 0 0 0 1 0 0 1 0 0 1 0 0 ]
