n = 20 ; 
T = 24 ; 
Init = [ 1 1 1 1 1 1 0 0 0 0 0 0 0 0 0 1 1 1 1 1 ]
L = [ 4 4 4 4 4 4 3 3 3 3 3 3 3 3 3 9 9 8 8 8 ]
l = [ 4 4 4 4 4 4 3 3 3 3 3 3 3 3 3 9 9 8 8 8 ]
Pmin = [ 42 42 42 42 42 42 25 25 25 25 25 25 25 25 25 94 94 89 89 89 ]
Pmax = [ 42 42 42 42 42 42 25 25 25 25 25 25 25 25 25 94 94 89 89 89 ]
cf = [ 56.4736 56.4736 56.4736 56.4736 56.4736 56.4736 9.47124 9.47124 9.47124 9.47124 9.47124 9.47124 9.47124 9.47124 9.47124 7.73363 7.73363 18.2255 18.2255 18.2255 ]
c0 = [ 113 113 113 113 113 113 75 75 75 75 75 75 75 75 75 243 243 230 230 230 ]
cp = [ 33.4116 33.4116 33.4116 33.4116 33.4116 33.4116 37.2831 37.2831 37.2831 37.2831 37.2831 37.2831 37.2831 37.2831 37.2831 9.98043 9.98043 16.5035 16.5035 16.5035 ]
D = [ 305 431 526 854 419 909 3 359 18 268 291 750 304 302 916 149 539 169 73 598 215 113 752 498 ]
K = 4
nk = [ 1 1 1 1 1 1 2 2 2 2 2 2 2 2 2 3 3 4 4 4 ]
First = [ 1 0 0 0 0 0 1 0 0 0 0 0 0 0 0 1 0 1 0 0 ]
Last = [ 0 0 0 0 0 1 0 0 0 0 0 0 0 0 1 0 1 0 0 1 ]
nS = 4
S = [ 1 0 0 0 0 0 1 0 0 0 0 0 0 0 0 1 0 1 0 0 ]
