n = 20 ; 
T = 24 ; 
Init = [ 1 1 0 0 1 1 1 1 1 1 1 1 1 1 1 1 0 0 0 0 ]
L = [ 8 8 6 6 5 5 5 5 5 5 5 5 5 5 2 2 8 8 8 8 ]
l = [ 8 8 6 6 5 5 5 5 5 5 5 5 5 5 2 2 8 8 8 8 ]
Pmin = [ 90 90 55 55 63 63 63 63 63 49 49 49 49 49 23 23 81 81 81 81 ]
Pmax = [ 90 90 55 55 63 63 63 63 63 49 49 49 49 49 23 23 81 81 81 81 ]
cf = [ 44.8717 44.8717 47.8776 47.8776 28.9398 28.9398 28.9398 28.9398 28.9398 23.2147 23.2147 23.2147 23.2147 23.2147 14.6149 14.6149 9.72031 9.72031 9.72031 9.72031 ]
c0 = [ 238 238 143 143 180 180 180 180 180 146 146 146 146 146 80 80 220 220 220 220 ]
cp = [ 17.4228 17.4228 18.9822 18.9822 17.0134 17.0134 17.0134 17.0134 17.0134 32.1165 32.1165 32.1165 32.1165 32.1165 40.8511 40.8511 18.7661 18.7661 18.7661 18.7661 ]
D = [ 506 1096 288 381 767 463 978 25 1077 1192 1091 591 763 296 905 911 348 474 448 935 1084 1088 922 558 ]
K = 6
nk = [ 1 1 2 2 3 3 3 3 3 4 4 4 4 4 5 5 6 6 6 6 ]
First = [ 1 0 1 0 1 0 0 0 0 1 0 0 0 0 1 0 1 0 0 0 ]
Last = [ 0 1 0 1 0 0 0 0 1 0 0 0 0 1 0 1 0 0 0 1 ]
nS = 6
S = [ 1 0 1 0 1 0 0 0 0 1 0 0 0 0 1 0 1 0 0 0 ]
