n = 20 ; 
T = 24 ; 
Init = [ 1 1 1 1 1 0 0 0 1 1 1 1 1 1 1 1 1 1 0 0 ]
L = [ 9 9 9 9 9 5 5 5 4 4 4 4 4 4 4 4 4 4 9 9 ]
l = [ 9 9 9 9 9 5 5 5 4 4 4 4 4 4 4 4 4 4 9 9 ]
Pmin = [ 90 90 90 90 90 47 47 47 41 41 41 41 41 41 41 41 41 41 96 96 ]
Pmax = [ 90 90 90 90 90 47 47 47 41 41 41 41 41 41 41 41 41 41 96 96 ]
cf = [ 47.8207 47.8207 47.8207 47.8207 47.8207 42.6986 42.6986 42.6986 35.3096 35.3096 35.3096 35.3096 35.3096 35.3096 35.3096 35.3096 35.3096 35.3096 25.903 25.903 ]
c0 = [ 239 239 239 239 239 136 136 136 121 121 121 121 121 121 121 121 121 121 249 249 ]
cp = [ 9.55459 9.55459 9.55459 9.55459 9.55459 20.9464 20.9464 20.9464 30.8544 30.8544 30.8544 30.8544 30.8544 30.8544 30.8544 30.8544 30.8544 30.8544 10.0265 10.0265 ]
D = [ 264 249 530 45 102 295 1087 231 782 162 1130 362 838 473 720 100 70 232 502 972 339 757 230 1168 ]
K = 4
nk = [ 1 1 1 1 1 2 2 2 3 3 3 3 3 3 3 3 3 3 4 4 ]
First = [ 1 0 0 0 0 1 0 0 1 0 0 0 0 0 0 0 0 0 1 0 ]
Last = [ 0 0 0 0 1 0 0 1 0 0 0 0 0 0 0 0 0 1 0 1 ]
nS = 4
S = [ 1 0 0 0 0 1 0 0 1 0 0 0 0 0 0 0 0 0 1 0 ]
