n = 20 ; 
T = 24 ; 
Init = [ 1 1 1 1 1 0 0 0 0 0 0 0 0 1 1 1 1 1 1 1 ]
L = [ 8 8 8 8 8 4 4 4 4 4 4 4 4 9 9 9 9 9 9 9 ]
l = [ 8 8 8 8 8 4 4 4 4 4 4 4 4 9 9 9 9 9 9 9 ]
Pmin = [ 82 82 82 82 82 48 48 48 48 48 48 48 48 100 100 100 100 100 100 100 ]
Pmax = [ 82 82 82 82 82 48 48 48 48 48 48 48 48 100 100 100 100 100 100 100 ]
cf = [ 66.7926 66.7926 66.7926 66.7926 66.7926 9.33446 9.33446 9.33446 9.33446 9.33446 9.33446 9.33446 9.33446 57.4924 57.4924 57.4924 57.4924 57.4924 57.4924 57.4924 ]
c0 = [ 223 223 223 223 223 139 139 139 139 139 139 139 139 250 250 250 250 250 250 250 ]
cp = [ 12.8109 12.8109 12.8109 12.8109 12.8109 27.8244 27.8244 27.8244 27.8244 27.8244 27.8244 27.8244 27.8244 13.6787 13.6787 13.6787 13.6787 13.6787 13.6787 13.6787 ]
D = [ 1030 1213 1030 655 754 225 24 779 1290 508 99 1214 564 1296 1041 1172 99 205 14 610 522 310 657 239 ]
K = 3
nk = [ 1 1 1 1 1 2 2 2 2 2 2 2 2 3 3 3 3 3 3 3 ]
First = [ 1 0 0 0 0 1 0 0 0 0 0 0 0 1 0 0 0 0 0 0 ]
Last = [ 0 0 0 0 1 0 0 0 0 0 0 0 1 0 0 0 0 0 0 1 ]
nS = 3
S = [ 1 0 0 0 0 1 0 0 0 0 0 0 0 1 0 0 0 0 0 0 ]
