n = 20 ; 
T = 48 ; 
Init = [ 0 0 0 0 0 0 0 0 1 1 1 0 0 1 1 1 1 1 1 1 ]
L = [ 9 9 9 9 9 9 9 9 4 4 4 10 10 9 9 9 9 9 9 9 ]
l = [ 9 9 9 9 9 9 9 9 4 4 4 10 10 9 9 9 9 9 9 9 ]
Pmin = [ 100 100 100 100 100 100 100 100 48 48 48 100 100 100 100 100 100 100 100 100 ]
Pmax = [ 100 100 100 100 100 100 100 100 48 48 48 100 100 100 100 100 100 100 100 100 ]
cf = [ 48.5213 48.5213 48.5213 48.5213 48.5213 48.5213 48.5213 48.5213 50.5266 50.5266 50.5266 69.188 69.188 61.0593 61.0593 61.0593 61.0593 61.0593 61.0593 61.0593 ]
c0 = [ 250 250 250 250 250 250 250 250 132 132 132 250 250 250 250 250 250 250 250 250 ]
cp = [ 9.29672 9.29672 9.29672 9.29672 9.29672 9.29672 9.29672 9.29672 24.2963 24.2963 24.2963 9.30584 9.30584 22.008 22.008 22.008 22.008 22.008 22.008 22.008 ]
D = [ 1675 1026 829 1076 92 743 931 403 489 1144 973 1705 574 950 1443 896 228 958 1088 617 464 435 446 464 1396 1714 1753 1541 272 613 491 102 1639 1320 1178 1731 219 265 290 708 1409 1264 569 139 369 168 1035 597 ]
K = 4
nk = [ 1 1 1 1 1 1 1 1 2 2 2 3 3 4 4 4 4 4 4 4 ]
First = [ 1 0 0 0 0 0 0 0 1 0 0 1 0 1 0 0 0 0 0 0 ]
Last = [ 0 0 0 0 0 0 0 1 0 0 1 0 1 0 0 0 0 0 0 1 ]
nS = 4
S = [ 1 0 0 0 0 0 0 0 1 0 0 1 0 1 0 0 0 0 0 0 ]
