n = 20 ; 
T = 48 ; 
Init = [ 0 0 0 0 0 0 0 0 0 0 0 0 0 0 0 1 1 1 0 0 ]
L = [ 3 3 3 3 3 3 10 10 10 10 10 10 10 10 10 6 6 6 6 6 ]
l = [ 3 3 3 3 3 3 10 10 10 10 10 10 10 10 10 6 6 6 6 6 ]
Pmin = [ 27 27 27 27 27 27 100 100 100 100 100 100 100 100 100 64 64 64 68 68 ]
Pmax = [ 27 27 27 27 27 27 100 100 100 100 100 100 100 100 100 64 64 64 68 68 ]
cf = [ 18.6304 18.6304 18.6304 18.6304 18.6304 18.6304 13.9118 13.9118 13.9118 13.9118 13.9118 13.9118 13.9118 13.9118 13.9118 7.76043 7.76043 7.76043 52.4448 52.4448 ]
c0 = [ 93 93 93 93 93 93 250 250 250 250 250 250 250 250 250 170 170 170 186 186 ]
cp = [ 40.2488 40.2488 40.2488 40.2488 40.2488 40.2488 11.8312 11.8312 11.8312 11.8312 11.8312 11.8312 11.8312 11.8312 11.8312 30.251 30.251 30.251 24.0389 24.0389 ]
D = [ 62 580 530 821 1122 523 406 768 806 927 139 1063 1079 156 676 1170 1356 874 716 1302 561 945 1058 778 124 193 1225 624 290 914 689 352 104 1219 1173 1226 352 189 604 1158 1116 743 831 805 899 117 585 865 ]
K = 4
nk = [ 1 1 1 1 1 1 2 2 2 2 2 2 2 2 2 3 3 3 4 4 ]
First = [ 1 0 0 0 0 0 1 0 0 0 0 0 0 0 0 1 0 0 1 0 ]
Last = [ 0 0 0 0 0 1 0 0 0 0 0 0 0 0 1 0 0 1 0 1 ]
nS = 4
S = [ 1 0 0 0 0 0 1 0 0 0 0 0 0 0 0 1 0 0 1 0 ]
