n = 20 ; 
T = 48 ; 
Init = [ 0 0 0 0 0 0 0 0 0 0 0 0 0 0 1 1 1 1 0 0 ]
L = [ 9 9 9 9 9 9 9 9 9 5 5 5 5 5 10 10 10 10 8 8 ]
l = [ 9 9 9 9 9 9 9 9 9 5 5 5 5 5 10 10 10 10 8 8 ]
Pmin = [ 92 92 92 92 92 92 92 92 92 42 42 42 42 42 100 100 100 100 88 88 ]
Pmax = [ 92 92 92 92 92 92 92 92 92 42 42 42 42 42 100 100 100 100 88 88 ]
cf = [ 38.9195 38.9195 38.9195 38.9195 38.9195 38.9195 38.9195 38.9195 38.9195 7.57482 7.57482 7.57482 7.57482 7.57482 12.284 12.284 12.284 12.284 60.1811 60.1811 ]
c0 = [ 247 247 247 247 247 247 247 247 247 128 128 128 128 128 250 250 250 250 235 235 ]
cp = [ 13.7288 13.7288 13.7288 13.7288 13.7288 13.7288 13.7288 13.7288 13.7288 26.4736 26.4736 26.4736 26.4736 26.4736 8.56786 8.56786 8.56786 8.56786 19.0812 19.0812 ]
D = [ 353 892 810 480 1080 1344 215 1376 209 1227 428 1027 1241 563 775 233 207 1161 461 781 463 190 928 1072 189 455 1450 755 1204 1464 448 1557 741 1258 423 207 988 638 1583 1197 251 397 610 1492 960 1385 111 1167 ]
K = 4
nk = [ 1 1 1 1 1 1 1 1 1 2 2 2 2 2 3 3 3 3 4 4 ]
First = [ 1 0 0 0 0 0 0 0 0 1 0 0 0 0 1 0 0 0 1 0 ]
Last = [ 0 0 0 0 0 0 0 0 1 0 0 0 0 1 0 0 0 1 0 1 ]
nS = 4
S = [ 1 0 0 0 0 0 0 0 0 1 0 0 0 0 1 0 0 0 1 0 ]
