n = 20 ; 
T = 48 ; 
Init = [ 0 1 1 1 1 1 1 1 1 1 1 0 1 1 1 1 1 1 1 1 ]
L = [ 7 8 4 4 4 4 4 4 4 4 4 8 5 5 5 5 5 5 5 5 ]
l = [ 7 8 4 4 4 4 4 4 4 4 4 8 5 5 5 5 5 5 5 5 ]
Pmin = [ 75 79 34 34 34 34 34 34 34 34 34 86 51 51 59 59 59 59 59 59 ]
Pmax = [ 75 79 34 34 34 34 34 34 34 34 34 86 51 51 59 59 59 59 59 59 ]
cf = [ 62.4498 64.4513 44.9567 44.9567 44.9567 44.9567 44.9567 44.9567 44.9567 44.9567 44.9567 46.8777 7.46886 7.46886 64.2241 64.2241 64.2241 64.2241 64.2241 64.2241 ]
c0 = [ 207 220 98 98 98 98 98 98 98 98 98 226 136 136 174 174 174 174 174 174 ]
cp = [ 20.6508 15.8069 33.8722 33.8722 33.8722 33.8722 33.8722 33.8722 33.8722 33.8722 33.8722 26.5272 22.8654 22.8654 33.3921 33.3921 33.3921 33.3921 33.3921 33.3921 ]
D = [ 751 337 971 68 600 628 361 464 934 411 574 814 322 175 446 330 83 11 151 795 110 570 250 107 293 139 237 2 961 616 995 710 953 964 778 550 590 138 12 522 548 585 334 871 761 781 198 844 ]
K = 6
nk = [ 1 2 3 3 3 3 3 3 3 3 3 4 5 5 6 6 6 6 6 6 ]
First = [ 1 1 1 0 0 0 0 0 0 0 0 1 1 0 1 0 0 0 0 0 ]
Last = [ 1 1 0 0 0 0 0 0 0 0 1 1 0 1 0 0 0 0 0 1 ]
nS = 6
S = [ 1 1 1 0 0 0 0 0 0 0 0 1 1 0 1 0 0 0 0 0 ]
