n = 10 ; 
T = 10 ; 
Init = [ 0 1 0 0 0 0 1 0 0 1 ]
L = [ 10 5 4 5 7 4 9 3 6 6 ]
l = [ 10 5 4 5 7 4 9 3 6 6 ]
Pmin = [ 100 53 37 48 86 45 100 27 58 67 ]
Pmax = [ 100 53 37 48 86 45 100 27 58 67 ]
cf = [ 16.2749 7.97009 28.9951 43.4705 32.9035 10.0446 26.5325 23.3211 50.1004 28.2908 ]
c0 = [ 250 156 101 128 220 134 250 77 170 185 ]
cp = [ 8.98775 35.2685 30.2602 26.2621 16.435 26.6182 9.99491 36.1747 25.8781 32.922 ]
D = [ 160 188 227 272 302 315 352 392 411 448 491 521 555 509 459 408 349 321 382 433 479 388 327 230 ]
K = 11
nk = [ 0 1 2 3 4 5 6 7 8 9 ]
First = [ 0 0 0 0 0 0 0 0 0 0 ]
Last = [ 0 0 0 0 0 0 0 0 0 0 ]
nS = 2
S = [ 1 0 0 0 1 0 0 0 0 0 ]
