n = 10 ; 
T = 24 ; 
Init = [ 0 0 1 0 1 0 1 0 0 1 ]
L = [ 3 5 2 9 7 10 6 10 3 4 ]
l = [ 3 5 2 9 7 10 6 10 3 4 ]
Pmin = [ 30 43 23 99 66 100 70 100 29 35 ]
Pmax = [ 30 43 23 99 66 100 70 100 29 35 ]
cf = [ 44.1473 11.4829 23.3214 62.3157 56.2944 43.81 26.3595 39.264 27.7191 15.9245 ]
c0 = [ 102 119 88 250 177 250 189 250 88 113 ]
cp = [ 28.1489 38.2844 38.7285 13.4937 26.3292 9.08435 28.2244 8.56493 38.5509 27.5244 ]
D = [ 578 325 117 555 532 149 15 325 164 60 478 105 197 467 172 440 127 455 535 338 372 291 380 526 ]
K = 11
nk = [ 0 1 2 3 4 5 6 7 8 9 ]
First = [ 0 0 0 0 0 0 0 0 0 0 ]
Last = [ 0 0 0 0 0 0 0 0 0 0 ]
nS = 3
S = [ 1 0 0 0 1 1 0 0 0 0 ]
