n = 10 ; 
T = 24 ; 
Init = [ 0 1 0 1 0 0 1 0 0 0 ]
L = [ 6 2 7 8 10 5 6 7 7 8 ]
l = [ 6 2 7 8 10 5 6 7 7 8 ]
Pmin = [ 65 21 76 89 100 51 59 71 78 92 ]
Pmax = [ 65 21 76 89 100 51 59 71 78 92 ]
cf = [ 38.3159 53.1246 40.8828 34.6586 46.4614 11.7721 58.2386 53.1145 25.8164 7.93275 ]
c0 = [ 187 67 197 238 250 154 171 202 206 235 ]
cp = [ 21.3273 40.5388 29.0933 11.5671 9.02649 21.5491 20.4534 21.9964 13.866 11.4903 ]
D = [ 182 220 232 270 322 359 375 408 470 500 535 576 604 557 497 466 398 344 421 491 556 464 373 282 ]
K = 11
nk = [ 0 1 2 3 4 5 6 7 8 9 ]
First = [ 0 0 0 0 0 0 0 0 0 0 ]
Last = [ 0 0 0 0 0 0 0 0 0 0 ]
nS = 5
S = [ 1 1 1 0 0 0 0 1 1 0 ]
