n = 10 ; 
T = 24 ; 
Init = [ 1 1 0 1 0 0 0 0 1 0 ]
L = [ 4 4 8 9 4 4 2 6 8 4 ]
l = [ 4 4 8 9 4 4 2 6 8 4 ]
Pmin = [ 38 35 85 95 41 33 25 58 92 35 ]
Pmax = [ 38 35 85 95 41 33 25 58 92 35 ]
cf = [ 65.26 45.2913 17.4358 7.95081 56.0566 25.4389 11.9513 23.6092 11.1138 9.22584 ]
c0 = [ 122 100 216 247 116 97 84 157 246 105 ]
cp = [ 34.2885 29.9212 15.4477 13.0858 36.4174 35.1152 40.9203 34.2528 16.0294 31.42 ]
D = [ 228 242 98 453 3 537 66 461 32 352 76 1 489 144 247 134 315 537 298 126 251 257 452 339 ]
K = 11
nk = [ 0 1 2 3 4 5 6 7 8 9 ]
First = [ 0 0 0 0 0 0 0 0 0 0 ]
Last = [ 0 0 0 0 0 0 0 0 0 0 ]
nS = 5
S = [ 1 0 0 1 0 1 0 1 0 1 ]
