n = 10 ; 
T = 24 ; 
Init = [ 1 0 0 0 0 1 1 1 0 0 ]
L = [ 6 9 8 5 2 3 6 7 10 8 ]
l = [ 6 9 8 5 2 3 6 7 10 8 ]
Pmin = [ 62 97 83 51 19 30 70 77 100 81 ]
Pmax = [ 62 97 83 51 19 30 70 77 100 81 ]
cf = [ 13.9991 23.4503 19.2597 19.5859 8.56977 15.4915 16.2509 68.7186 14.5123 13.2433 ]
c0 = [ 161 250 222 135 61 87 200 208 250 215 ]
cp = [ 20.2723 13.0338 19.4106 29.2501 41.0332 37.0251 16.5353 26.5459 8.25124 12.8155 ]
D = [ 168 206 231 257 303 331 355 395 419 454 497 521 550 507 449 427 374 321 364 432 468 390 334 242 ]
K = 11
nk = [ 0 1 2 3 4 5 6 7 8 9 ]
First = [ 0 0 0 0 0 0 0 0 0 0 ]
Last = [ 0 0 0 0 0 0 0 0 0 0 ]
nS = 3
S = [ 1 0 0 0 0 1 0 0 0 1 ]
