n = 10 ; 
T = 24 ; 
Init = [ 0 0 1 0 0 0 1 0 1 1 ]
L = [ 9 7 3 4 10 6 6 4 8 10 ]
l = [ 9 7 3 4 10 6 6 4 8 10 ]
Pmin = [ 100 72 31 43 100 54 61 34 77 100 ]
Pmax = [ 100 72 31 43 100 54 61 34 77 100 ]
cf = [ 40.0658 46.9462 56.6659 35.3278 9.82953 54.4416 40.5049 56.2462 29.633 54.4642 ]
c0 = [ 250 188 101 120 250 159 156 112 211 250 ]
cp = [ 10.3214 19.5073 36.0775 28.5641 8.14234 21.5094 32.4643 32.0921 20.3614 8.50956 ]
D = [ 177 214 237 277 305 338 365 402 421 465 473 509 556 492 455 417 391 357 407 456 494 417 341 267 ]
K = 11
nk = [ 0 1 2 3 4 5 6 7 8 9 ]
First = [ 0 0 0 0 0 0 0 0 0 0 ]
Last = [ 0 0 0 0 0 0 0 0 0 0 ]
nS = 4
S = [ 1 0 1 0 0 0 1 1 0 0 ]
