n = 10 ; 
T = 24 ; 
Init = [ 1 0 1 1 0 1 0 1 1 1 ]
L = [ 9 3 10 4 8 7 5 10 8 8 ]
l = [ 9 3 10 4 8 7 5 10 8 8 ]
Pmin = [ 95 33 100 46 85 72 43 99 81 82 ]
Pmax = [ 95 33 100 46 85 72 43 99 81 82 ]
cf = [ 67.6565 64.8697 60.5573 64.7012 63.1584 28.7447 9.08273 63.9061 43.2572 12.9514 ]
c0 = [ 244 99 250 136 220 190 117 250 206 208 ]
cp = [ 17.2034 41.4055 13.1224 37.1188 18.0077 15.0214 29.6448 9.05935 15.2658 20.5132 ]
D = [ 202 245 262 308 356 370 421 446 489 516 559 605 627 577 513 481 428 392 448 515 597 501 394 308 ]
K = 11
nk = [ 0 1 2 3 4 5 6 7 8 9 ]
First = [ 0 0 0 0 0 0 0 0 0 0 ]
Last = [ 0 0 0 0 0 0 0 0 0 0 ]
nS = 2
S = [ 1 0 0 0 0 0 1 0 0 0 ]
