n = 10 ; 
T = 24 ; 
Init = [ 1 1 0 0 0 1 0 1 0 1 ]
L = [ 3 4 9 9 4 10 8 5 3 6 ]
l = [ 3 4 9 9 4 10 8 5 3 6 ]
Pmin = [ 33 47 100 97 40 100 94 57 31 66 ]
Pmax = [ 33 47 100 97 40 100 94 57 31 66 ]
cf = [ 36.7371 20.2037 20.7369 27.3556 30.0586 11.4051 58.9757 20.0162 11.043 51.8151 ]
c0 = [ 110 124 250 250 125 250 250 158 100 178 ]
cp = [ 34.5023 28.9635 12.6167 9.25214 36.5449 8.10715 16.6799 32.2783 40.0494 29.5617 ]
D = [ 30 323 369 344 470 591 24 123 432 639 551 396 649 568 255 553 448 45 238 233 337 552 372 482 ]
K = 11
nk = [ 0 1 2 3 4 5 6 7 8 9 ]
First = [ 0 0 0 0 0 0 0 0 0 0 ]
Last = [ 0 0 0 0 0 0 0 0 0 0 ]
nS = 4
S = [ 1 0 1 0 0 1 0 1 0 0 ]
