n = 10 ; 
T = 24 ; 
Init = [ 1 0 0 1 0 1 0 1 1 1 ]
L = [ 8 9 10 5 7 6 4 4 10 9 ]
l = [ 8 9 10 5 7 6 4 4 10 9 ]
Pmin = [ 86 100 100 51 80 69 52 36 100 97 ]
Pmax = [ 86 100 100 51 80 69 52 36 100 97 ]
cf = [ 68.7046 24.9273 54.8707 60.2936 31.9768 48.7417 12.3051 18.1063 53.2794 22.7166 ]
c0 = [ 218 250 250 150 203 191 150 97 250 247 ]
cp = [ 12.51 13.8849 8.20935 24.7839 16.8962 28.0932 34.6666 37.4688 9.45836 16.5299 ]
D = [ 196 240 257 291 330 385 404 441 481 508 552 579 639 581 552 477 443 392 466 506 576 467 361 273 ]
K = 11
nk = [ 0 1 2 3 4 5 6 7 8 9 ]
First = [ 0 0 0 0 0 0 0 0 0 0 ]
Last = [ 0 0 0 0 0 0 0 0 0 0 ]
nS = 3
S = [ 1 0 0 0 0 1 0 1 0 0 ]
