n = 10 ; 
T = 24 ; 
Init = [ 0 0 1 0 0 1 0 0 0 0 ]
L = [ 2 5 7 10 9 6 10 2 3 3 ]
l = [ 2 5 7 10 9 6 10 2 3 3 ]
Pmin = [ 25 46 76 100 100 62 100 17 22 28 ]
Pmax = [ 25 46 76 100 100 62 100 17 22 28 ]
cf = [ 61.1116 68.5713 47.6247 7.14945 62.6924 41.003 23.7366 25.4447 55.0149 69.499 ]
c0 = [ 78 141 198 250 250 172 250 62 69 95 ]
cp = [ 41.6875 24.6149 16.9066 10.7558 11.2254 22.4502 8.87786 41.6812 35.5796 32.0956 ]
D = [ 167 201 210 238 284 303 326 363 389 398 427 461 495 452 414 372 330 294 322 366 405 338 265 195 ]
K = 11
nk = [ 0 1 2 3 4 5 6 7 8 9 ]
First = [ 0 0 0 0 0 0 0 0 0 0 ]
Last = [ 0 0 0 0 0 0 0 0 0 0 ]
nS = 5
S = [ 1 1 1 0 1 0 0 0 1 0 ]
