n = 10 ; 
T = 24 ; 
Init = [ 0 1 0 1 1 1 0 1 1 1 ]
L = [ 6 9 5 3 10 6 7 3 6 7 ]
l = [ 6 9 5 3 10 6 7 3 6 7 ]
Pmin = [ 64 91 57 37 100 76 73 26 53 68 ]
Pmax = [ 64 91 57 37 100 76 73 26 53 68 ]
cf = [ 37.2397 18.0899 26.2723 11.1998 16.2111 64.0647 10.131 40.8496 25.5535 26.7701 ]
c0 = [ 176 246 158 110 250 197 207 89 142 193 ]
cp = [ 19.6034 9.30197 35.1525 35.9472 8.12298 23.2488 24.3403 34.1885 30.2029 24.1016 ]
D = [ 462 576 212 230 409 574 177 274 222 311 64 597 157 337 269 63 422 263 491 511 170 156 625 367 ]
K = 11
nk = [ 0 1 2 3 4 5 6 7 8 9 ]
First = [ 0 0 0 0 0 0 0 0 0 0 ]
Last = [ 0 0 0 0 0 0 0 0 0 0 ]
nS = 3
S = [ 1 0 0 0 1 1 0 0 0 0 ]
