n = 10 ; 
T = 48 ; 
Init = [ 1 1 1 1 0 1 0 1 0 0 ]
L = [ 10 8 5 5 7 8 9 8 6 5 ]
l = [ 10 8 5 5 7 8 9 8 6 5 ]
Pmin = [ 100 91 53 62 75 92 98 83 75 60 ]
Pmax = [ 100 91 53 62 75 92 98 83 75 60 ]
cf = [ 52.6684 54.8012 17.6155 8.75565 46.7814 49.2943 42.0968 27.4402 11.7102 24.8432 ]
c0 = [ 250 238 144 162 201 245 250 215 197 171 ]
cp = [ 8.16783 11.4392 32.5536 24.8779 15.7626 13.2029 17.9631 12.0032 20.6378 16.9823 ]
D = [ 570 155 624 495 616 578 250 301 612 223 230 316 561 429 449 185 160 136 382 406 746 165 216 90 187 714 619 626 181 678 61 751 45 685 457 661 474 707 173 297 141 403 614 702 43 273 98 203 ]
K = 11
nk = [ 0 1 2 3 4 5 6 7 8 9 ]
First = [ 0 0 0 0 0 0 0 0 0 0 ]
Last = [ 0 0 0 0 0 0 0 0 0 0 ]
nS = 3
S = [ 1 0 0 0 1 0 0 1 0 0 ]
