n = 10 ; 
T = 48 ; 
Init = [ 1 1 0 1 0 1 1 1 0 0 ]
L = [ 3 6 8 5 8 5 5 8 10 6 ]
l = [ 3 6 8 5 8 5 5 8 10 6 ]
Pmin = [ 25 67 75 52 81 45 42 88 100 67 ]
Pmax = [ 25 67 75 52 81 45 42 88 100 67 ]
cf = [ 59.8474 37.2908 17.4902 7.77149 44.3214 17.7848 42.7489 60.3926 19.1962 19.2633 ]
c0 = [ 77 173 205 148 218 121 128 221 250 183 ]
cp = [ 37.3271 19.1428 22.2932 28.0537 14.6463 30.9704 22.2651 19.0844 9.14878 24.5212 ]
D = [ 140 179 217 252 278 299 331 377 414 443 464 489 534 491 450 406 370 346 380 426 476 399 328 234 168 184 235 255 302 331 369 380 434 460 475 526 541 498 461 422 377 335 389 423 484 408 316 226 ]
K = 11
nk = [ 0 1 2 3 4 5 6 7 8 9 ]
First = [ 0 0 0 0 0 0 0 0 0 0 ]
Last = [ 0 0 0 0 0 0 0 0 0 0 ]
nS = 3
S = [ 1 0 0 0 1 0 0 0 0 1 ]
