n = 10 ; 
T = 48 ; 
Init = [ 1 0 1 1 1 1 0 0 0 1 ]
L = [ 5 5 2 4 6 4 8 6 2 9 ]
l = [ 5 5 2 4 6 4 8 6 2 9 ]
Pmin = [ 50 61 22 41 66 46 91 66 28 98 ]
Pmax = [ 50 61 22 41 66 46 91 66 28 98 ]
cf = [ 7.43011 51.2214 21.5198 43.0804 52.0073 54.5036 9.24607 40.1046 34.5531 64.5921 ]
c0 = [ 131 175 82 119 186 138 246 190 87 250 ]
cp = [ 29.8726 25.9005 41.3798 33.2751 33.9285 32.4278 21.0436 21.5816 35.1265 15.1106 ]
D = [ 423 30 382 106 367 504 516 94 524 430 450 567 374 372 224 231 265 130 226 472 476 230 302 39 556 139 468 7 438 147 527 292 177 340 398 544 276 345 69 231 206 519 229 11 322 453 242 18 ]
K = 11
nk = [ 0 1 2 3 4 5 6 7 8 9 ]
First = [ 0 0 0 0 0 0 0 0 0 0 ]
Last = [ 0 0 0 0 0 0 0 0 0 0 ]
nS = 4
S = [ 1 0 0 0 0 1 0 0 1 1 ]
