n = 10 ; 
T = 48 ; 
Init = [ 1 1 0 1 1 0 1 1 0 0 ]
L = [ 4 6 5 6 6 10 7 3 9 5 ]
l = [ 4 6 5 6 6 10 7 3 9 5 ]
Pmin = [ 40 63 52 69 67 100 73 28 100 54 ]
Pmax = [ 40 63 52 69 67 100 73 28 100 54 ]
cf = [ 59.7909 13.9957 38.3014 28.3337 59.5624 10.4975 7.09487 19.2014 66.6842 45.2157 ]
c0 = [ 113 163 155 177 193 250 199 84 250 141 ]
cp = [ 30.4453 16.6139 33.2557 17.7492 30.2265 9.20261 24.0572 33.1988 16.7089 20.8044 ]
D = [ 167 180 236 268 281 326 346 379 419 442 473 521 554 499 443 391 357 309 373 440 485 420 351 265 187 220 246 280 312 339 379 398 440 481 509 542 557 521 475 426 381 328 367 421 474 395 333 270 ]
K = 11
nk = [ 0 1 2 3 4 5 6 7 8 9 ]
First = [ 0 0 0 0 0 0 0 0 0 0 ]
Last = [ 0 0 0 0 0 0 0 0 0 0 ]
nS = 4
S = [ 1 0 0 1 0 0 0 1 0 1 ]
