n = 10 ; 
T = 48 ; 
Init = [ 0 0 0 0 0 0 1 0 1 0 ]
L = [ 10 6 5 7 3 5 2 7 10 7 ]
l = [ 10 6 5 7 3 5 2 7 10 7 ]
Pmin = [ 99 58 60 67 30 48 15 67 100 84 ]
Pmax = [ 99 58 60 67 30 48 15 67 100 84 ]
cf = [ 20.8602 58.5979 58.6322 65.5681 12.8024 69.4087 39.5664 19.1889 19.431 7.82928 ]
c0 = [ 250 152 168 182 100 148 53 188 250 218 ]
cp = [ 9.69703 32.5088 25.8218 19.2151 36.4788 25.0144 40.4085 21.7109 8.80806 19.6475 ]
D = [ 92 165 175 511 259 442 76 533 580 515 495 218 578 234 560 466 215 113 354 578 276 492 465 163 448 522 157 144 16 281 153 108 445 327 619 76 141 66 609 94 581 476 312 531 82 244 368 297 ]
K = 11
nk = [ 0 1 2 3 4 5 6 7 8 9 ]
First = [ 0 0 0 0 0 0 0 0 0 0 ]
Last = [ 0 0 0 0 0 0 0 0 0 0 ]
nS = 3
S = [ 1 0 0 0 1 0 0 1 0 0 ]
