n = 10 ; 
T = 48 ; 
Init = [ 1 0 1 1 0 0 0 0 0 0 ]
L = [ 8 9 10 9 10 7 8 3 10 8 ]
l = [ 8 9 10 9 10 7 8 3 10 8 ]
Pmin = [ 87 95 97 100 100 72 77 28 100 89 ]
Pmax = [ 87 95 97 100 100 72 77 28 100 89 ]
cf = [ 29.3728 40.3156 43.4793 49.8038 26.8679 57.4815 35.8483 51.4963 17.912 17.8713 ]
c0 = [ 224 250 250 250 250 202 211 97 250 228 ]
cp = [ 18.0944 20.0465 9.69819 10.613 8.67998 23.3979 11.7594 35.076 9.1694 11.7382 ]
D = [ 217 249 319 351 405 448 484 527 574 588 633 699 738 653 596 566 487 435 503 558 658 536 439 341 247 282 321 364 393 421 476 505 527 582 617 644 702 636 604 547 484 447 488 551 630 512 396 313 ]
K = 11
nk = [ 0 1 2 3 4 5 6 7 8 9 ]
First = [ 0 0 0 0 0 0 0 0 0 0 ]
Last = [ 0 0 0 0 0 0 0 0 0 0 ]
nS = 3
S = [ 1 0 0 1 0 0 1 0 0 0 ]
