n = 10 ; 
T = 48 ; 
Init = [ 1 1 1 1 0 1 1 1 0 0 ]
L = [ 10 6 3 5 2 5 4 10 7 3 ]
l = [ 10 6 3 5 2 5 4 10 7 3 ]
Pmin = [ 100 76 31 52 19 58 39 100 76 41 ]
Pmax = [ 100 76 31 52 19 58 39 100 76 41 ]
cf = [ 41.0219 64.9479 56.175 69.1209 56.7679 22.0433 43.3853 45.1964 45.3134 17.0152 ]
c0 = [ 250 200 102 146 61 160 105 250 203 131 ]
cp = [ 9.18651 24.4525 36.718 28.2579 40.4183 33.6845 38.5384 8.80512 26.3947 35.2927 ]
D = [ 265 398 53 559 137 142 387 332 201 499 297 356 136 182 36 297 447 77 160 114 64 479 66 526 471 534 75 221 301 435 315 566 242 369 533 379 511 328 119 120 235 416 476 371 5 511 75 453 ]
K = 11
nk = [ 0 1 2 3 4 5 6 7 8 9 ]
First = [ 0 0 0 0 0 0 0 0 0 0 ]
Last = [ 0 0 0 0 0 0 0 0 0 0 ]
nS = 3
S = [ 1 0 0 1 0 0 0 1 0 0 ]
