n = 10 ; 
T = 48 ; 
Init = [ 0 0 0 1 1 1 0 1 0 1 ]
L = [ 7 8 4 9 4 2 10 9 7 3 ]
l = [ 7 8 4 9 4 2 10 9 7 3 ]
Pmin = [ 84 84 43 97 41 25 100 96 73 26 ]
Pmax = [ 84 84 43 97 41 25 100 96 73 26 ]
cf = [ 27.3511 16.3754 47.8098 41.3797 15.01 9.76012 12.7611 69.3136 17.6806 35.1456 ]
c0 = [ 220 231 129 244 119 90 250 250 195 80 ]
cp = [ 20.4212 23.2738 32.0289 18.6531 29.0381 34.983 8.99405 15.3789 13.3141 37.6109 ]
D = [ 206 219 257 295 331 358 373 424 445 470 503 537 572 538 490 447 387 361 391 442 491 401 336 266 177 217 254 282 301 345 376 418 445 469 500 546 572 523 464 419 366 335 393 449 523 436 346 279 ]
K = 11
nk = [ 0 1 2 3 4 5 6 7 8 9 ]
First = [ 0 0 0 0 0 0 0 0 0 0 ]
Last = [ 0 0 0 0 0 0 0 0 0 0 ]
nS = 4
S = [ 1 0 1 0 0 0 0 1 0 1 ]
