n = 10 ; 
T = 48 ; 
Init = [ 1 1 0 1 0 1 1 1 1 0 ]
L = [ 7 5 4 3 8 6 9 10 5 8 ]
l = [ 7 5 4 3 8 6 9 10 5 8 ]
Pmin = [ 64 52 29 31 78 53 100 100 54 86 ]
Pmax = [ 64 52 29 31 78 53 100 100 54 86 ]
cf = [ 53.5074 51.2525 21.9518 62.0462 32.5746 42.8389 15.1882 17.5917 49.9117 9.61571 ]
c0 = [ 180 143 95 100 214 146 250 250 152 236 ]
cp = [ 16.9623 28.6228 32.8513 34.7273 18.1873 23.2107 12.5746 8.78524 32.3362 17.9949 ]
D = [ 398 569 207 438 168 235 445 65 202 174 272 7 405 74 414 269 304 410 181 26 343 11 481 496 577 96 217 14 205 11 41 603 580 247 394 101 482 192 166 37 366 438 45 124 512 459 393 170 ]
K = 11
nk = [ 0 1 2 3 4 5 6 7 8 9 ]
First = [ 0 0 0 0 0 0 0 0 0 0 ]
Last = [ 0 0 0 0 0 0 0 0 0 0 ]
nS = 2
S = [ 1 0 0 0 0 1 0 0 0 0 ]
