n = 10 ; 
T = 48 ; 
Init = [ 1 1 0 1 1 0 0 0 1 0 ]
L = [ 3 7 5 10 4 4 6 7 8 6 ]
l = [ 3 7 5 10 4 4 6 7 8 6 ]
Pmin = [ 30 75 56 100 37 35 55 85 85 63 ]
Pmax = [ 30 75 56 100 37 35 55 85 85 63 ]
cf = [ 47.7102 23.6248 67.1892 22.3259 27.2076 30.8324 42.27 41.1991 22.3249 8.84475 ]
c0 = [ 104 195 150 250 100 110 148 225 219 166 ]
cp = [ 36.6159 17.3689 32.8625 8.71449 35.7222 31.1896 25.9064 26.6048 12.0623 27.1877 ]
D = [ 186 202 245 269 293 329 353 384 395 421 470 497 513 475 428 403 351 319 381 429 493 414 324 221 138 182 190 236 270 299 316 358 382 403 452 474 490 474 419 395 370 329 366 399 438 374 296 199 ]
K = 11
nk = [ 0 1 2 3 4 5 6 7 8 9 ]
First = [ 0 0 0 0 0 0 0 0 0 0 ]
Last = [ 0 0 0 0 0 0 0 0 0 0 ]
nS = 4
S = [ 1 0 0 1 0 0 1 1 0 0 ]
