n = 10 ; 
T = 48 ; 
Init = [ 0 1 0 1 0 0 1 1 0 1 ]
L = [ 10 3 3 5 5 10 6 2 3 9 ]
l = [ 10 3 3 5 5 10 6 2 3 9 ]
Pmin = [ 100 23 29 58 54 100 70 16 28 97 ]
Pmax = [ 100 23 29 58 54 100 70 16 28 97 ]
cf = [ 53.1605 51.0459 49.7544 7.79627 19.4972 37.1919 31.888 15.4874 41.4768 16.8031 ]
c0 = [ 250 79 80 155 147 250 192 63 98 250 ]
cp = [ 9.59125 34.1965 40.294 30.0159 31.1026 11.5776 23.8656 39.4899 30.5993 12.035 ]
D = [ 263 338 395 96 128 396 133 484 169 266 20 435 58 44 35 263 324 418 13 267 208 434 94 24 441 208 299 93 285 39 183 549 377 3 70 505 399 203 414 569 469 434 428 527 478 464 215 227 ]
K = 11
nk = [ 0 1 2 3 4 5 6 7 8 9 ]
First = [ 0 0 0 0 0 0 0 0 0 0 ]
Last = [ 0 0 0 0 0 0 0 0 0 0 ]
nS = 2
S = [ 1 0 0 0 0 0 1 0 0 0 ]
