n = 20 ; 
T = 24 ; 
Init = [ 0 1 1 1 1 1 1 1 1 1 0 0 1 1 0 0 1 1 0 1 ]
L = [ 4 6 6 2 7 8 5 3 3 9 10 4 6 8 3 8 7 7 9 3 ]
l = [ 4 6 6 2 7 8 5 3 3 9 10 4 6 8 3 8 7 7 9 3 ]
Pmin = [ 37 59 67 16 77 96 41 30 28 100 96 47 58 94 23 95 82 73 98 34 ]
Pmax = [ 37 59 67 16 77 96 41 30 28 100 96 47 58 94 23 95 82 73 98 34 ]
cf = [ 21.9076 65.8551 25.1608 29.1038 61.1868 27.5025 19.1819 40.0456 48.8285 57.1857 37.3665 33.1183 35.7361 62.5003 10.4052 45.5764 68.6889 24.5423 43.4758 15.2219 ]
c0 = [ 117 167 180 64 199 242 115 105 81 250 244 127 161 250 75 243 225 197 250 104 ]
cp = [ 28.2214 20.6261 30.5675 40.279 24.072 13.0748 25.4876 39.2434 25.7504 9.78441 8.40703 30.8128 24.8925 16.8216 40.7259 12.7566 25.2701 30.9874 22.9285 33.1337 ]
D = [ 300 334 428 481 582 607 697 783 826 918 980 1046 1082 1000 913 845 747 656 741 865 983 817 631 436 ]
K = 21
nk = [ 0 1 2 3 4 5 6 7 8 9 10 11 12 13 14 15 16 17 18 19 ]
First = [ 0 0 0 0 0 0 0 0 0 0 0 0 0 0 0 0 0 0 0 0 ]
Last = [ 0 0 0 0 0 0 0 0 0 0 0 0 0 0 0 0 0 0 0 0 ]
nS = 5
S = [ 1 0 1 0 0 0 0 0 1 0 0 1 0 0 0 1 0 0 0 0 ]
