n = 20 ; 
T = 24 ; 
Init = [ 1 0 1 0 0 1 1 1 1 0 0 0 1 1 1 1 1 1 1 1 ]
L = [ 4 7 9 4 6 2 10 3 3 5 3 9 2 10 5 10 9 8 7 10 ]
l = [ 4 7 9 4 6 2 10 3 3 5 3 9 2 10 5 10 9 8 7 10 ]
Pmin = [ 42 82 94 34 57 24 100 27 28 46 26 100 23 98 54 100 95 78 76 96 ]
Pmax = [ 42 82 94 34 57 24 100 27 28 46 26 100 23 98 54 100 95 78 76 96 ]
cf = [ 50.7882 22.7028 65.2722 20.6138 33.5368 35.8747 10.1333 37.2311 56.8019 65.436 42.0816 34.8213 29.748 34.9835 65.7842 64.0889 24.6699 61.8283 65.7867 15.9946 ]
c0 = [ 126 215 250 103 158 88 250 76 97 123 75 250 67 250 146 250 240 200 193 250 ]
cp = [ 30.6626 15.9671 18.8428 34.4748 33.5876 41.5194 8.75848 36.3635 37.631 24.2357 34.5934 13.3543 39.4633 10.2082 26.345 8.06997 14.8536 21.4252 21.0792 10.9175 ]
D = [ 263 303 378 464 499 604 642 706 794 847 921 960 1043 938 843 783 710 609 689 815 934 797 625 456 ]
K = 21
nk = [ 0 1 2 3 4 5 6 7 8 9 10 11 12 13 14 15 16 17 18 19 ]
First = [ 0 0 0 0 0 0 0 0 0 0 0 0 0 0 0 0 0 0 0 0 ]
Last = [ 0 0 0 0 0 0 0 0 0 0 0 0 0 0 0 0 0 0 0 0 ]
nS = 5
S = [ 1 0 0 0 0 1 0 0 0 0 1 0 0 0 0 1 0 1 0 0 ]
