n = 20 ; 
T = 24 ; 
Init = [ 0 0 1 1 1 1 1 0 1 1 0 1 1 1 0 0 0 0 1 0 ]
L = [ 9 5 6 4 9 9 5 5 3 6 8 7 4 6 5 5 3 4 6 7 ]
l = [ 9 5 6 4 9 9 5 5 3 6 8 7 4 6 5 5 3 4 6 7 ]
Pmin = [ 93 50 58 48 94 91 59 51 31 58 87 73 40 72 43 54 22 37 65 75 ]
Pmax = [ 93 50 58 48 94 91 59 51 31 58 87 73 40 72 43 54 22 37 65 75 ]
cf = [ 26.958 66.1581 64.5513 37.4733 51.396 8.07233 14.2895 61.2219 69.2918 66.5686 24.7408 67.0031 29.0286 16.9999 51.781 33.4848 17.7397 43.9765 47.0949 28.9495 ]
c0 = [ 250 138 170 141 237 228 172 138 89 153 222 191 121 203 127 156 68 105 172 208 ]
cp = [ 9.22395 30.2572 29.842 28.2945 9.86377 18.6532 21.8789 34.834 37.3588 18.8417 20.4493 15.7188 24.7774 33.2561 32.5524 33.2599 31.4603 36.1724 29.4242 28.4496 ]
D = [ 311 361 453 492 546 613 678 713 779 823 868 949 998 945 850 763 678 615 721 802 893 738 608 471 ]
K = 21
nk = [ 0 1 2 3 4 5 6 7 8 9 10 11 12 13 14 15 16 17 18 19 ]
First = [ 0 0 0 0 0 0 0 0 0 0 0 0 0 0 0 0 0 0 0 0 ]
Last = [ 0 0 0 0 0 0 0 0 0 0 0 0 0 0 0 0 0 0 0 0 ]
nS = 7
S = [ 1 1 0 0 0 0 1 1 1 0 0 0 0 0 1 0 0 0 0 1 ]
