n = 20 ; 
T = 24 ; 
Init = [ 1 0 1 1 1 0 1 1 1 1 1 1 0 1 0 1 0 0 1 1 ]
L = [ 10 10 5 3 9 5 4 10 5 4 3 9 3 6 9 5 7 5 4 4 ]
l = [ 10 10 5 3 9 5 4 10 5 4 3 9 3 6 9 5 7 5 4 4 ]
Pmin = [ 100 100 46 24 100 48 47 100 55 43 18 97 26 68 100 52 69 61 52 43 ]
Pmax = [ 100 100 46 24 100 48 47 100 55 43 18 97 26 68 100 52 69 61 52 43 ]
cf = [ 44.1138 64.0568 17.6949 60.7224 60.2728 62.7259 38.964 32.1726 43.3022 20.6616 12.7768 35.522 66.2802 26.5598 36.5588 69.565 25.2919 32.5784 12.8737 69.7905 ]
c0 = [ 250 250 126 69 250 146 143 250 158 133 68 250 80 194 250 155 185 171 147 135 ]
cp = [ 8.74064 9.56672 34.9438 31.3326 9.71138 33.2304 33.6503 8.09619 21.8882 38.7088 40.8879 12.6655 35.3647 25.7054 13.5378 36.3337 24.025 39.5886 36.2174 29.5333 ]
D = [ 309 358 400 487 533 596 664 776 801 903 965 993 1076 977 910 821 716 617 746 855 958 804 667 515 ]
K = 21
nk = [ 0 1 2 3 4 5 6 7 8 9 10 11 12 13 14 15 16 17 18 19 ]
First = [ 0 0 0 0 0 0 0 0 0 0 0 0 0 0 0 0 0 0 0 0 ]
Last = [ 0 0 0 0 0 0 0 0 0 0 0 0 0 0 0 0 0 0 0 0 ]
nS = 6
S = [ 1 0 0 0 0 1 1 0 0 1 0 0 0 0 1 0 0 0 0 1 ]
