n = 20 ; 
T = 24 ; 
Init = [ 0 0 1 0 0 0 0 1 0 1 0 1 1 1 1 1 0 1 1 1 ]
L = [ 5 8 4 10 5 10 4 7 9 9 7 7 3 9 6 2 6 4 8 8 ]
l = [ 5 8 4 10 5 10 4 7 9 9 7 7 3 9 6 2 6 4 8 8 ]
Pmin = [ 59 83 32 100 44 96 44 69 95 93 69 78 35 100 58 28 60 30 93 81 ]
Pmax = [ 59 83 32 100 44 96 44 69 95 93 69 78 35 100 58 28 60 30 93 81 ]
cf = [ 47.1572 66.2565 44.8753 26.9945 52.8481 62.5132 8.41549 48.8879 10.7149 64.0005 66.9403 34.6987 8.85137 9.97273 42.8539 68.9404 31.4592 49.7163 9.51499 66.8684 ]
c0 = [ 161 213 90 250 138 248 118 176 250 243 182 203 114 250 158 85 171 89 243 224 ]
cp = [ 30.7421 15.2338 34.3704 8.67738 25.7456 12.3221 33.3629 18.6613 14.1932 19.3261 16.0345 17.0664 35.0661 12.2008 14.4041 39.983 33.6854 35.6632 19.1824 14.9065 ]
D = [ 289 347 446 536 604 669 748 833 879 997 1050 1104 1230 1076 964 894 742 657 813 912 1050 898 688 511 ]
K = 21
nk = [ 0 1 2 3 4 5 6 7 8 9 10 11 12 13 14 15 16 17 18 19 ]
First = [ 0 0 0 0 0 0 0 0 0 0 0 0 0 0 0 0 0 0 0 0 ]
Last = [ 0 0 0 0 0 0 0 0 0 0 0 0 0 0 0 0 0 0 0 0 ]
nS = 6
S = [ 1 0 0 0 0 0 1 0 1 0 1 0 0 0 0 0 1 0 1 0 ]
