n = 20 ; 
T = 24 ; 
Init = [ 1 0 0 1 1 0 0 1 1 1 1 1 1 0 0 0 0 0 0 0 ]
L = [ 3 3 9 9 7 9 10 10 7 7 5 7 8 9 7 5 4 7 6 7 ]
l = [ 3 3 9 9 7 9 10 10 7 7 5 7 8 9 7 5 4 7 6 7 ]
Pmin = [ 34 28 100 98 69 100 100 100 82 80 55 75 83 97 80 55 46 83 60 76 ]
Pmax = [ 34 28 100 98 69 100 100 100 82 80 55 75 83 97 80 55 46 83 60 76 ]
cf = [ 39.3748 12.338 37.5307 69.1295 58.8545 38.45 50.8025 57.7999 24.7836 10.8096 25.7983 57.3454 16.6569 52.9041 35.8158 27.2409 16.293 27.3956 45.2552 33.9929 ]
c0 = [ 105 79 250 250 180 250 250 250 212 217 157 208 217 250 208 162 133 229 173 197 ]
cp = [ 36.2794 34.8606 9.67443 16.4765 13.5593 13.3914 8.33571 10.1874 18.764 21.8168 21.8157 29.41 29.1218 11.4964 16.8686 28.6976 33.3115 25.2735 34.5908 9.88127 ]
D = [ 47 485 400 549 401 857 433 1282 718 117 161 1489 244 889 1469 1480 137 1011 1189 561 1102 136 259 1332 ]
K = 21
nk = [ 0 1 2 3 4 5 6 7 8 9 10 11 12 13 14 15 16 17 18 19 ]
First = [ 0 0 0 0 0 0 0 0 0 0 0 0 0 0 0 0 0 0 0 0 ]
Last = [ 0 0 0 0 0 0 0 0 0 0 0 0 0 0 0 0 0 0 0 0 ]
nS = 7
S = [ 1 0 0 0 0 1 0 0 0 1 0 1 1 0 0 1 0 1 0 0 ]
