n = 20 ; 
T = 24 ; 
Init = [ 0 0 0 1 0 0 1 1 0 0 1 1 0 1 1 0 0 1 0 1 ]
L = [ 3 8 10 8 5 3 2 8 5 6 5 8 4 8 4 9 5 9 6 4 ]
l = [ 3 8 10 8 5 3 2 8 5 6 5 8 4 8 4 9 5 9 6 4 ]
Pmin = [ 23 88 100 83 53 28 20 88 60 55 47 89 41 79 37 100 56 100 68 50 ]
Pmax = [ 23 88 100 83 53 28 20 88 60 55 47 89 41 79 37 100 56 100 68 50 ]
cf = [ 22.8753 60.8368 53.1888 41.209 34.1857 40.5159 39.0653 24.1416 50.2244 15.754 12.4098 24.8533 15.1748 7.11205 52.3176 20.3009 67.8288 13.0061 26.7633 57.5276 ]
c0 = [ 80 243 250 218 139 100 68 225 172 146 142 231 116 211 111 250 153 250 183 132 ]
cp = [ 39.3223 14.2774 9.06226 11.7008 25.9226 40.0022 37.0714 17.4624 27.7698 22.7648 20.5765 18.8605 39.4737 19.835 29.5091 14.7427 24.0923 11.4901 21.6281 33.8633 ]
D = [ 293 154 114 733 763 730 967 43 675 327 113 994 143 1040 416 688 448 1059 1033 51 1235 1141 410 134 ]
K = 21
nk = [ 0 1 2 3 4 5 6 7 8 9 10 11 12 13 14 15 16 17 18 19 ]
First = [ 0 0 0 0 0 0 0 0 0 0 0 0 0 0 0 0 0 0 0 0 ]
Last = [ 0 0 0 0 0 0 0 0 0 0 0 0 0 0 0 0 0 0 0 0 ]
nS = 6
S = [ 1 1 0 0 1 0 0 0 0 0 1 0 0 0 1 0 0 0 0 1 ]
