n = 20 ; 
T = 24 ; 
Init = [ 0 1 1 1 0 1 1 0 1 1 0 1 0 1 1 1 1 0 0 1 ]
L = [ 5 8 4 4 7 4 4 5 2 5 4 2 6 9 7 3 3 4 2 8 ]
l = [ 5 8 4 4 7 4 4 5 2 5 4 2 6 9 7 3 3 4 2 8 ]
Pmin = [ 45 87 43 37 80 45 32 55 18 48 37 16 61 93 67 26 25 36 11 85 ]
Pmax = [ 45 87 43 37 80 45 32 55 18 48 37 16 61 93 67 26 25 36 11 85 ]
cf = [ 33.3757 9.60721 23.4599 64.4212 12.096 31.9331 24.7672 47.5573 41.6069 33.3378 30.9454 33.1305 7.48567 15.6261 54.9027 13.097 24.0683 63.2953 21.0043 36.4867 ]
c0 = [ 137 232 131 106 204 122 89 145 58 132 103 62 171 250 183 85 90 101 47 224 ]
cp = [ 26.6403 12.1166 30.4608 35.5801 19.3613 27.6364 24.9553 27.8718 40.0282 28.1446 34.712 40.5511 17.5793 11.6204 18.4882 37.6774 33.2155 20.4002 41.4848 18.6398 ]
D = [ 210 255 302 374 428 475 510 587 643 664 748 778 833 766 704 628 560 461 558 608 684 590 441 336 ]
K = 21
nk = [ 0 1 2 3 4 5 6 7 8 9 10 11 12 13 14 15 16 17 18 19 ]
First = [ 0 0 0 0 0 0 0 0 0 0 0 0 0 0 0 0 0 0 0 0 ]
Last = [ 0 0 0 0 0 0 0 0 0 0 0 0 0 0 0 0 0 0 0 0 ]
nS = 6
S = [ 1 0 0 1 0 0 0 0 0 1 0 1 0 0 0 0 1 0 0 1 ]
