n = 20 ; 
T = 24 ; 
Init = [ 0 0 0 0 1 1 1 0 0 1 0 1 1 1 1 0 1 1 1 1 ]
L = [ 7 7 5 4 7 7 8 5 8 7 8 8 6 8 10 9 6 10 9 3 ]
l = [ 7 7 5 4 7 7 8 5 8 7 8 8 6 8 10 9 6 10 9 3 ]
Pmin = [ 76 76 59 47 72 75 79 56 79 81 77 89 62 83 100 95 70 100 100 38 ]
Pmax = [ 76 76 59 47 72 75 79 56 79 81 77 89 62 83 100 95 70 100 100 38 ]
cf = [ 57.8088 52.813 19.879 67.696 34.7788 42.9318 55.5697 9.67046 10.9129 34.5329 55.5063 25.0831 22.0588 58.3323 29.5151 30.6925 18.56 45.1061 16.0968 64.4086 ]
c0 = [ 197 210 154 125 187 199 206 161 215 210 208 237 169 219 250 241 195 250 250 111 ]
cp = [ 17.6029 13.216 30.5284 32.58 21.9061 14.0856 22.0554 20.8641 19.7638 18.6059 26.1331 25.8509 22.9414 24.3548 8.1095 22.2035 20.9076 8.94019 11.775 39.0585 ]
D = [ 1282 1171 766 448 360 1304 645 35 338 1351 723 45 938 1032 1504 92 382 1157 156 476 305 1322 910 667 ]
K = 21
nk = [ 0 1 2 3 4 5 6 7 8 9 10 11 12 13 14 15 16 17 18 19 ]
First = [ 0 0 0 0 0 0 0 0 0 0 0 0 0 0 0 0 0 0 0 0 ]
Last = [ 0 0 0 0 0 0 0 0 0 0 0 0 0 0 0 0 0 0 0 0 ]
nS = 5
S = [ 1 0 0 1 0 0 0 1 0 0 0 0 0 1 0 0 1 0 0 0 ]
