n = 20 ; 
T = 24 ; 
Init = [ 1 1 0 1 0 0 0 0 1 0 1 1 1 1 1 0 1 0 0 0 ]
L = [ 7 9 10 7 4 2 7 3 3 5 4 6 5 9 3 9 10 5 8 3 ]
l = [ 7 9 10 7 4 2 7 3 3 5 4 6 5 9 3 9 10 5 8 3 ]
Pmin = [ 78 97 98 78 37 19 73 25 28 61 43 55 44 100 24 90 100 50 89 33 ]
Pmax = [ 78 97 98 78 37 19 73 25 28 61 43 55 44 100 24 90 100 50 89 33 ]
cf = [ 67.2289 17.1985 19.9056 17.2523 13.8527 36.3614 28.8317 35.0602 8.40132 48.6608 60.6252 35.9639 45.3452 34.809 66.1363 48.7339 43.3927 46.7918 20.1782 7.35477 ]
c0 = [ 208 250 250 207 101 60 200 82 88 160 118 163 126 250 75 239 250 137 229 105 ]
cp = [ 13.9848 19.1303 8.76103 24.1943 32.6073 40.4829 12.4079 32.0353 33.2017 21.6292 37.8679 22.3386 21.1551 11.2393 38.6213 12.344 11.1616 23.5628 18.129 34.0018 ]
D = [ 329 411 460 509 539 612 673 713 788 847 885 928 981 938 826 775 692 610 711 813 949 824 662 490 ]
K = 21
nk = [ 0 1 2 3 4 5 6 7 8 9 10 11 12 13 14 15 16 17 18 19 ]
First = [ 0 0 0 0 0 0 0 0 0 0 0 0 0 0 0 0 0 0 0 0 ]
Last = [ 0 0 0 0 0 0 0 0 0 0 0 0 0 0 0 0 0 0 0 0 ]
nS = 5
S = [ 1 0 1 0 0 0 1 0 0 0 1 0 0 0 0 0 1 0 0 0 ]
