n = 20 ; 
T = 24 ; 
Init = [ 1 1 0 1 0 1 0 1 0 1 0 1 1 1 1 0 0 0 1 0 ]
L = [ 3 4 6 3 6 5 7 9 7 7 3 6 5 4 8 7 4 10 6 8 ]
l = [ 3 4 6 3 6 5 7 9 7 7 3 6 5 4 8 7 4 10 6 8 ]
Pmin = [ 33 30 72 16 63 54 76 100 74 72 29 68 53 41 86 71 44 100 53 83 ]
Pmax = [ 33 30 72 16 63 54 76 100 74 72 29 68 53 41 86 71 44 100 53 83 ]
cf = [ 56.6104 66.4455 47.4517 50.0856 16.224 40.1324 7.15643 59.9697 66.3517 12.9113 29.163 47.8492 33.0109 20.5203 46.7336 18.5638 51.3184 25.6663 52.8996 10.0233 ]
c0 = [ 106 89 201 71 180 151 208 250 196 204 100 191 160 117 234 195 130 250 152 229 ]
cp = [ 38.3712 32.6781 21.1887 34.4799 20.0645 20.6329 25.4815 12.0439 18.1024 17.6592 38.8495 22.1396 25.5081 23.6227 14.5065 24.6092 30.5455 8.4091 34.0271 9.19572 ]
D = [ 277 354 402 473 517 579 644 697 744 811 886 951 994 923 856 769 710 609 715 756 880 707 612 459 ]
K = 21
nk = [ 0 1 2 3 4 5 6 7 8 9 10 11 12 13 14 15 16 17 18 19 ]
First = [ 0 0 0 0 0 0 0 0 0 0 0 0 0 0 0 0 0 0 0 0 ]
Last = [ 0 0 0 0 0 0 0 0 0 0 0 0 0 0 0 0 0 0 0 0 ]
nS = 6
S = [ 1 0 0 0 1 1 0 0 1 1 0 0 0 0 0 1 0 0 0 0 ]
