n = 20 ; 
T = 24 ; 
Init = [ 0 1 0 1 0 0 1 0 0 0 1 1 1 0 1 1 0 0 0 0 ]
L = [ 4 3 7 8 4 3 5 7 3 4 5 10 2 6 2 9 6 9 5 9 ]
l = [ 4 3 7 8 4 3 5 7 3 4 5 10 2 6 2 9 6 9 5 9 ]
Pmin = [ 41 30 74 80 29 33 57 75 32 29 50 100 23 66 23 100 60 94 50 100 ]
Pmax = [ 41 30 74 80 29 33 57 75 32 29 50 100 23 66 23 100 60 94 50 100 ]
cf = [ 65.4996 68.8224 8.29905 51.7549 55.8206 45.9607 52.8678 23.4064 47.3712 17.1581 60.5838 66.2085 24.7423 33.9191 43.2968 22.8624 61.6824 15.3568 54.9249 7.89621 ]
c0 = [ 115 85 200 215 101 98 159 201 90 92 140 250 80 190 66 250 171 250 152 250 ]
cp = [ 23.0587 37.4348 27.1323 17.235 34.4405 40.4933 26.8979 21.4205 28.6313 34.3815 31.011 14.2474 38.8357 29.0592 41.8066 8.83762 32.3845 10.6482 38.1786 15.538 ]
D = [ 322 338 429 475 498 579 634 660 742 783 857 887 933 851 810 699 649 566 638 716 807 703 556 451 ]
K = 21
nk = [ 0 1 2 3 4 5 6 7 8 9 10 11 12 13 14 15 16 17 18 19 ]
First = [ 0 0 0 0 0 0 0 0 0 0 0 0 0 0 0 0 0 0 0 0 ]
Last = [ 0 0 0 0 0 0 0 0 0 0 0 0 0 0 0 0 0 0 0 0 ]
nS = 7
S = [ 1 0 0 1 0 1 0 1 0 0 1 0 0 0 0 0 1 0 0 1 ]
