n = 20 ; 
T = 24 ; 
Init = [ 0 0 1 0 1 1 1 1 1 0 1 1 0 0 1 1 1 0 0 0 ]
L = [ 9 8 6 7 8 4 6 4 6 6 9 5 4 5 7 7 2 9 7 2 ]
l = [ 9 8 6 7 8 4 6 4 6 6 9 5 4 5 7 7 2 9 7 2 ]
Pmin = [ 94 79 61 75 78 33 72 46 63 69 100 53 41 46 69 74 18 100 75 22 ]
Pmax = [ 94 79 61 75 78 33 72 46 63 69 100 53 41 46 69 74 18 100 75 22 ]
cf = [ 53.8755 11.3676 21.1338 65.2516 53.2427 7.69076 37.5638 53.9111 42.1338 57.5055 39.8255 54.9702 8.16626 50.8347 26.3385 36.6406 69.5851 34.7386 56.5428 9.56587 ]
c0 = [ 240 206 161 203 206 96 185 127 162 193 250 148 112 124 196 195 61 250 207 86 ]
cp = [ 14.8163 12.6996 29.304 19.2675 21.6219 30.2481 36.6563 34.8927 19.6732 26.4268 11.1839 26.0947 24.5729 34.8245 22.0483 23.7716 41.111 10.0482 12.1101 40.1829 ]
D = [ 284 555 719 406 780 685 860 1173 509 505 1167 185 593 183 89 255 197 704 1200 904 453 592 602 476 ]
K = 21
nk = [ 0 1 2 3 4 5 6 7 8 9 10 11 12 13 14 15 16 17 18 19 ]
First = [ 0 0 0 0 0 0 0 0 0 0 0 0 0 0 0 0 0 0 0 0 ]
Last = [ 0 0 0 0 0 0 0 0 0 0 0 0 0 0 0 0 0 0 0 0 ]
nS = 6
S = [ 1 0 0 0 1 1 0 0 0 1 0 0 0 1 0 1 0 0 0 0 ]
