n = 20 ; 
T = 24 ; 
Init = [ 0 1 0 0 1 0 1 0 1 1 1 0 0 1 0 1 1 0 1 1 ]
L = [ 8 5 2 10 6 4 10 10 3 8 7 9 4 8 4 5 6 4 9 8 ]
l = [ 8 5 2 10 6 4 10 10 3 8 7 9 4 8 4 5 6 4 9 8 ]
Pmin = [ 95 46 18 100 62 34 100 100 31 79 86 92 46 84 33 60 62 38 100 92 ]
Pmax = [ 95 46 18 100 62 34 100 100 31 79 86 92 46 84 33 60 62 38 100 92 ]
cf = [ 61.8322 48.705 68.3146 33.1275 18.4619 41.1409 22.5344 56.777 37.4534 60.6504 49.2157 40.9851 30.3803 42.0665 24.0159 24.2934 51.6943 68.3527 53.292 67.0695 ]
c0 = [ 240 133 75 250 180 95 250 250 91 203 218 247 125 220 108 163 162 115 250 233 ]
cp = [ 16.0634 28.5069 41.7248 8.9979 23.8473 34.8589 9.84267 8.84765 38.2056 20.0552 16.1283 14.4273 34.7006 14.9724 24.7165 27.5937 25.0827 33.4862 16.09 12.0479 ]
D = [ 285 364 415 473 563 630 729 753 837 905 971 1075 1127 1015 949 869 802 729 813 875 960 801 644 501 ]
K = 21
nk = [ 0 1 2 3 4 5 6 7 8 9 10 11 12 13 14 15 16 17 18 19 ]
First = [ 0 0 0 0 0 0 0 0 0 0 0 0 0 0 0 0 0 0 0 0 ]
Last = [ 0 0 0 0 0 0 0 0 0 0 0 0 0 0 0 0 0 0 0 0 ]
nS = 6
S = [ 1 0 0 0 1 0 0 1 1 0 0 0 1 0 0 1 0 0 0 0 ]
