n = 20 ; 
T = 24 ; 
Init = [ 1 1 0 0 1 1 1 0 1 1 1 1 0 1 0 0 0 0 1 0 ]
L = [ 9 10 6 9 8 4 6 7 3 7 9 7 6 2 6 6 8 9 4 4 ]
l = [ 9 10 6 9 8 4 6 7 3 7 9 7 6 2 6 6 8 9 4 4 ]
Pmin = [ 96 100 65 97 84 42 67 72 27 70 99 82 63 24 66 61 93 100 40 49 ]
Pmax = [ 96 100 65 97 84 42 67 72 27 70 99 82 63 24 66 61 93 100 40 49 ]
cf = [ 60.3314 52.5392 15.3327 18.6354 20.9523 45.3578 23.7012 53.0172 12.1547 62.7376 37.8505 30.0014 43.0837 68.0342 8.878 14.0162 60.0812 36.3673 44.6478 50.1681 ]
c0 = [ 246 250 177 250 224 130 182 195 94 182 250 209 168 71 186 166 234 250 111 134 ]
cp = [ 16.5634 8.33276 22.2941 19.0669 19.6011 32.2353 16.0263 17.391 36.0913 19.2295 9.25428 18.7568 30.4019 41.3692 21.5398 19.9134 23.4137 13.1879 32.1087 30.1179 ]
D = [ 899 1035 1154 1265 1261 920 394 1375 498 653 440 283 265 625 541 575 79 912 198 193 751 882 703 154 ]
K = 21
nk = [ 0 1 2 3 4 5 6 7 8 9 10 11 12 13 14 15 16 17 18 19 ]
First = [ 0 0 0 0 0 0 0 0 0 0 0 0 0 0 0 0 0 0 0 0 ]
Last = [ 0 0 0 0 0 0 0 0 0 0 0 0 0 0 0 0 0 0 0 0 ]
nS = 6
S = [ 1 0 0 0 0 0 1 0 0 0 0 0 1 1 1 0 0 0 1 0 ]
