n = 20 ; 
T = 24 ; 
Init = [ 0 0 0 0 1 0 1 1 0 1 1 0 1 0 1 1 1 0 1 1 ]
L = [ 8 7 9 8 10 4 6 7 3 8 2 9 6 6 2 5 5 3 4 9 ]
l = [ 8 7 9 8 10 4 6 7 3 8 2 9 6 6 2 5 5 3 4 9 ]
Pmin = [ 80 82 100 90 100 37 61 66 30 91 23 93 61 61 20 45 54 35 48 94 ]
Pmax = [ 80 82 100 90 100 37 61 66 30 91 23 93 61 61 20 45 54 35 48 94 ]
cf = [ 58.0399 50.7425 54.5846 52.2127 17.2787 7.65596 27.9573 61.2613 35.9284 8.40114 23.9966 47.1805 22.4126 28.2703 62.4149 12.8337 26.9544 22.0952 26.6066 68.2831 ]
c0 = [ 205 212 250 232 250 122 164 173 96 236 84 247 163 158 65 130 159 105 147 248 ]
cp = [ 17.9805 26.4219 9.38041 11.0843 12.7542 29.0714 30.2491 24.8252 32.266 11.872 39.7773 14.5681 25.0932 28.6125 39.9719 29.2809 23.5112 31.8074 34.163 11.3881 ]
D = [ 739 124 816 1045 153 1170 471 1259 539 425 620 298 36 309 1210 244 323 362 68 906 390 410 446 701 ]
K = 21
nk = [ 0 1 2 3 4 5 6 7 8 9 10 11 12 13 14 15 16 17 18 19 ]
First = [ 0 0 0 0 0 0 0 0 0 0 0 0 0 0 0 0 0 0 0 0 ]
Last = [ 0 0 0 0 0 0 0 0 0 0 0 0 0 0 0 0 0 0 0 0 ]
nS = 6
S = [ 1 0 0 0 0 0 1 1 0 0 0 1 1 0 0 0 0 0 1 0 ]
