n = 20 ; 
T = 24 ; 
Init = [ 1 1 0 1 1 0 1 0 0 1 1 1 0 1 1 1 0 0 1 1 ]
L = [ 7 3 5 9 8 7 8 3 3 8 6 9 3 8 10 7 7 9 7 5 ]
l = [ 7 3 5 9 8 7 8 3 3 8 6 9 3 8 10 7 7 9 7 5 ]
Pmin = [ 79 25 42 97 78 74 83 23 33 81 72 100 27 83 100 83 74 100 66 54 ]
Pmax = [ 79 25 42 97 78 74 83 23 33 81 72 100 27 83 100 83 74 100 66 54 ]
cf = [ 8.52974 61.5769 31.2825 66.4446 14.8241 67.4665 27.4421 48.4761 44.9625 64.3923 53.2149 46.7308 35.9091 50.3197 20.8131 47.5423 56.8148 49.4975 38.5605 27.5687 ]
c0 = [ 200 83 133 250 201 190 219 84 102 214 191 250 84 221 250 220 190 250 190 156 ]
cp = [ 19.7317 35.4193 36.3111 13.5115 18.3677 22.3303 16.0151 38.5716 35.7783 19.2945 28.4932 12.8734 41.2629 22.9951 8.32396 18.6894 19.177 14.9932 24.8758 20.615 ]
D = [ 205 1193 676 665 640 1178 14 731 394 1310 386 428 1126 915 350 1297 860 796 828 314 674 462 1181 1304 ]
K = 21
nk = [ 0 1 2 3 4 5 6 7 8 9 10 11 12 13 14 15 16 17 18 19 ]
First = [ 0 0 0 0 0 0 0 0 0 0 0 0 0 0 0 0 0 0 0 0 ]
Last = [ 0 0 0 0 0 0 0 0 0 0 0 0 0 0 0 0 0 0 0 0 ]
nS = 9
S = [ 1 0 0 0 0 0 1 1 1 0 0 0 1 0 0 1 1 0 1 1 ]
