n = 20 ; 
T = 24 ; 
Init = [ 0 1 0 1 0 0 1 1 0 1 0 1 0 0 0 0 0 0 0 0 ]
L = [ 3 4 9 10 7 6 5 6 8 5 6 5 7 5 7 2 6 10 8 7 ]
l = [ 3 4 9 10 7 6 5 6 8 5 6 5 7 5 7 2 6 10 8 7 ]
Pmin = [ 25 46 98 100 72 69 48 61 91 50 66 54 69 47 71 18 56 100 79 80 ]
Pmax = [ 25 46 98 100 72 69 48 61 91 50 66 54 69 47 71 18 56 100 79 80 ]
cf = [ 54.9091 52.6503 15.4319 59.9284 16.3464 36.6284 52.6791 22.8162 69.3506 64.6899 12.743 53.1695 62.1411 57.5067 55.1431 35.9384 9.95074 62.6211 41.3044 30.6607 ]
c0 = [ 86 143 250 250 196 181 128 158 236 144 182 160 186 136 190 70 146 250 218 213 ]
cp = [ 32.1258 33.5774 15.4046 10.9793 21.475 20.4667 25.3537 15.2029 21.4451 15.9668 35.4332 27.9136 23.9092 25.6433 11.3103 39.5996 26.5555 9.92366 19.2134 20.946 ]
D = [ 638 217 351 21 962 918 881 1081 1058 604 461 747 246 635 539 439 1246 182 765 1233 72 884 885 1210 ]
K = 21
nk = [ 0 1 2 3 4 5 6 7 8 9 10 11 12 13 14 15 16 17 18 19 ]
First = [ 0 0 0 0 0 0 0 0 0 0 0 0 0 0 0 0 0 0 0 0 ]
Last = [ 0 0 0 0 0 0 0 0 0 0 0 0 0 0 0 0 0 0 0 0 ]
nS = 6
S = [ 1 1 0 1 0 0 0 0 1 0 0 0 0 1 0 0 0 0 1 0 ]
