n = 20 ; 
T = 48 ; 
Init = [ 1 0 0 1 1 0 0 1 0 0 1 1 1 1 1 1 1 1 0 1 ]
L = [ 4 10 2 3 2 3 5 7 3 6 4 5 2 3 4 8 4 10 2 8 ]
l = [ 4 10 2 3 2 3 5 7 3 6 4 5 2 3 4 8 4 10 2 8 ]
Pmin = [ 43 100 21 25 22 26 48 68 30 57 35 50 24 25 42 78 34 100 17 86 ]
Pmax = [ 43 100 21 25 22 26 48 68 30 57 35 50 24 25 42 78 34 100 17 86 ]
cf = [ 53.6957 26.2598 58.4886 39.9796 16.3966 50.8187 41.7861 45.0026 19.7385 11.6942 63.6723 16.7185 60.5437 47.7919 60.6892 58.3408 19.336 14.2604 69.4446 63.5859 ]
c0 = [ 134 250 77 86 85 85 131 178 97 161 115 144 70 72 116 198 105 250 54 220 ]
cp = [ 32.1672 9.05151 33.6825 37.7259 40.8285 36.0583 28.5218 20.5 38.7578 26.497 31.1689 28.6532 41.3116 40.0236 35.8248 18.1391 29.5301 8.64666 41.9722 18.3474 ]
D = [ 268 318 353 389 464 501 557 579 635 680 725 764 804 737 685 607 571 491 590 662 742 628 502 367 225 291 314 399 417 465 541 586 607 657 712 768 816 749 685 619 529 491 550 617 688 553 434 338 ]
K = 21
nk = [ 0 1 2 3 4 5 6 7 8 9 10 11 12 13 14 15 16 17 18 19 ]
First = [ 0 0 0 0 0 0 0 0 0 0 0 0 0 0 0 0 0 0 0 0 ]
Last = [ 0 0 0 0 0 0 0 0 0 0 0 0 0 0 0 0 0 0 0 0 ]
nS = 4
S = [ 1 0 0 0 0 0 1 0 0 0 0 0 1 0 0 0 0 0 1 0 ]
