n = 20 ; 
T = 48 ; 
Init = [ 1 1 1 0 0 1 1 0 0 1 1 1 1 0 0 1 0 0 1 0 ]
L = [ 7 9 6 4 5 6 3 9 3 5 6 9 10 8 10 5 7 9 6 7 ]
l = [ 7 9 6 4 5 6 3 9 3 5 6 9 10 8 10 5 7 9 6 7 ]
Pmin = [ 70 94 59 37 60 62 31 99 34 55 58 94 100 91 100 52 83 93 59 74 ]
Pmax = [ 70 94 59 37 60 62 31 99 34 55 58 94 100 91 100 52 83 93 59 74 ]
cf = [ 58.5878 21.5293 15.2741 63.8536 61.9132 59.4599 41.3778 45.0839 9.57949 11.7076 7.28318 69.0451 60.3401 43.9538 52.312 40.5324 8.73059 39.4437 9.54863 16.9821 ]
c0 = [ 200 250 166 115 169 170 103 250 95 143 170 246 250 238 250 138 226 250 170 206 ]
cp = [ 16.0142 14.2117 25.3806 31.4115 26.3686 18.905 37.022 16.3686 31.8666 23.8703 31.4779 11.5486 13.4986 18.7929 8.20953 39.7274 14.359 13.1586 24.1161 10.0588 ]
D = [ 766 9 852 1151 639 839 1346 341 706 1174 28 451 93 212 314 1318 1382 1081 762 35 1186 769 13 970 188 1024 313 226 342 370 449 1109 379 1301 855 1018 736 796 1359 36 565 1387 487 658 194 801 571 171 ]
K = 21
nk = [ 0 1 2 3 4 5 6 7 8 9 10 11 12 13 14 15 16 17 18 19 ]
First = [ 0 0 0 0 0 0 0 0 0 0 0 0 0 0 0 0 0 0 0 0 ]
Last = [ 0 0 0 0 0 0 0 0 0 0 0 0 0 0 0 0 0 0 0 0 ]
nS = 6
S = [ 1 0 1 0 0 0 0 1 0 0 0 1 0 0 0 1 0 0 1 0 ]
