n = 20 ; 
T = 48 ; 
Init = [ 0 0 0 1 1 1 0 1 1 0 0 0 1 1 0 1 1 0 0 0 ]
L = [ 4 9 6 4 6 5 3 8 2 3 7 3 3 7 4 5 7 9 7 7 ]
l = [ 4 9 6 4 6 5 3 8 2 3 7 3 3 7 4 5 7 9 7 7 ]
Pmin = [ 37 97 62 44 65 51 35 79 23 25 76 26 27 79 41 48 76 100 79 69 ]
Pmax = [ 37 97 62 44 65 51 35 79 23 25 76 26 27 79 41 48 76 100 79 69 ]
cf = [ 12.6963 48.6313 66.5977 32.9341 21.7866 66.4019 57.8094 19.4189 36.4557 38.472 53.1955 47.9981 58.6154 27.9036 35.4838 37.5343 14.3779 9.20324 38.3242 26.1919 ]
c0 = [ 104 250 172 135 182 150 107 200 70 81 203 80 82 204 111 126 209 250 203 185 ]
cp = [ 38.7597 8.87338 19.593 33.5423 23.8788 27.9635 36.679 25.6134 41.0149 33.6535 27.3999 38.3497 40.988 26.5645 30.9246 29.2229 26.7354 12.061 27.8222 14.1342 ]
D = [ 296 361 421 478 547 573 661 710 750 813 900 926 983 902 845 763 693 587 664 722 818 698 542 437 278 347 423 477 502 575 638 676 731 784 847 905 941 887 814 721 646 572 645 746 834 674 534 409 ]
K = 21
nk = [ 0 1 2 3 4 5 6 7 8 9 10 11 12 13 14 15 16 17 18 19 ]
First = [ 0 0 0 0 0 0 0 0 0 0 0 0 0 0 0 0 0 0 0 0 ]
Last = [ 0 0 0 0 0 0 0 0 0 0 0 0 0 0 0 0 0 0 0 0 ]
nS = 7
S = [ 1 0 1 0 0 1 0 0 1 0 0 0 0 1 0 0 0 0 1 1 ]
