n = 20 ; 
T = 48 ; 
Init = [ 0 0 0 1 0 1 1 0 0 1 1 0 1 1 1 1 0 0 1 1 ]
L = [ 7 5 9 8 8 3 9 3 5 7 9 7 2 8 3 3 5 6 4 7 ]
l = [ 7 5 9 8 8 3 9 3 5 7 9 7 2 8 3 3 5 6 4 7 ]
Pmin = [ 73 55 100 95 81 31 99 26 44 74 92 67 17 89 31 36 45 64 32 74 ]
Pmax = [ 73 55 100 95 81 31 99 26 44 74 92 67 17 89 31 36 45 64 32 74 ]
cf = [ 12.7337 14.8237 15.804 29.7472 11.7338 9.60117 26.3932 28.7909 14.9667 44.0363 21.8671 60.413 18.5892 40.552 12.1447 49.0339 53.4695 9.84218 44.623 31.9608 ]
c0 = [ 201 154 250 244 214 90 250 94 130 192 245 185 55 228 98 106 136 171 87 207 ]
cp = [ 18.189 33.0202 12.6388 12.2885 14.8551 32.8066 12.292 32.8133 29.1522 29.9194 14.8237 17.2018 37.9176 14.1072 32.9689 39.1469 18.8425 21.9831 25.7423 14.1786 ]
D = [ 325 235 26 508 519 783 1082 266 1111 1117 119 1223 44 290 440 136 341 817 559 496 312 849 309 538 276 409 130 1180 465 862 440 790 1097 466 73 391 23 1156 657 1134 1047 776 1132 1091 1067 347 2 183 ]
K = 21
nk = [ 0 1 2 3 4 5 6 7 8 9 10 11 12 13 14 15 16 17 18 19 ]
First = [ 0 0 0 0 0 0 0 0 0 0 0 0 0 0 0 0 0 0 0 0 ]
Last = [ 0 0 0 0 0 0 0 0 0 0 0 0 0 0 0 0 0 0 0 0 ]
nS = 6
S = [ 1 0 0 0 0 1 1 0 0 0 0 1 0 0 0 0 1 1 0 0 ]
