n = 20 ; 
T = 48 ; 
Init = [ 0 0 1 0 0 1 0 0 1 1 1 0 1 1 0 0 0 0 1 0 ]
L = [ 9 7 5 7 4 5 9 2 10 10 9 9 4 9 3 5 8 8 7 10 ]
l = [ 9 7 5 7 4 5 9 2 10 10 9 9 4 9 3 5 8 8 7 10 ]
Pmin = [ 100 80 49 75 35 49 92 22 100 100 100 95 41 93 31 52 91 86 64 100 ]
Pmax = [ 100 80 49 75 35 49 92 22 100 100 100 95 41 93 31 52 91 86 64 100 ]
cf = [ 40.1303 8.57992 51.3279 68.8715 17.4914 19.2218 58.2727 36.1517 53.1012 8.14622 29.1885 13.7658 49.4501 44.3863 9.5997 23.1755 15.0251 11.8249 50.7003 10.3096 ]
c0 = [ 250 216 132 211 108 140 232 74 250 250 250 250 111 243 104 139 237 220 166 250 ]
cp = [ 16.5533 25.6524 23.9632 26.2752 27.0906 30.99 11.7296 40.0155 10.1653 9.18169 13.2756 16.2054 36.5808 25.4685 27.9159 30.8527 16.9431 18.5674 19.5815 15.4062 ]
D = [ 321 384 487 550 608 683 742 830 886 961 1060 1117 1170 1075 975 872 797 682 848 946 1094 902 738 572 417 474 561 607 693 770 859 946 1009 1054 1123 1188 1317 1180 1035 920 842 693 824 895 1056 879 691 508 ]
K = 21
nk = [ 0 1 2 3 4 5 6 7 8 9 10 11 12 13 14 15 16 17 18 19 ]
First = [ 0 0 0 0 0 0 0 0 0 0 0 0 0 0 0 0 0 0 0 0 ]
Last = [ 0 0 0 0 0 0 0 0 0 0 0 0 0 0 0 0 0 0 0 0 ]
nS = 4
S = [ 1 0 0 1 0 0 0 0 0 1 0 0 0 0 1 0 0 0 0 0 ]
