n = 20 ; 
T = 48 ; 
Init = [ 1 1 0 1 1 1 0 0 0 1 1 1 0 0 1 1 0 0 0 1 ]
L = [ 4 5 9 7 9 4 6 3 5 5 10 8 5 4 10 9 6 7 3 3 ]
l = [ 4 5 9 7 9 4 6 3 5 5 10 8 5 4 10 9 6 7 3 3 ]
Pmin = [ 46 48 100 70 100 38 66 31 45 50 100 89 51 47 100 100 62 62 26 32 ]
Pmax = [ 46 48 100 70 100 38 66 31 45 50 100 89 51 47 100 100 62 62 26 32 ]
cf = [ 48.3411 49.8673 18.9823 44.7202 21.7766 64.8141 27.6474 55.8179 8.82536 56.4411 26.9143 17.8751 11.4994 63.574 29.1683 23.2662 14.1641 59.1539 68.7537 27.9679 ]
c0 = [ 123 132 250 181 250 107 180 101 123 136 250 227 151 131 250 250 170 177 90 100 ]
cp = [ 37.059 18.3366 8.61996 24.8515 11.7239 37.6681 20.687 35.675 30.1943 32.5987 18.6344 9.832 23.0297 24.9102 16.6432 10.438 28.139 36.0365 40.5082 34.6966 ]
D = [ 44 334 631 1112 812 652 506 185 490 286 918 56 1146 1158 812 179 1054 1226 1158 1091 954 294 46 1044 165 490 107 309 273 82 729 317 417 97 166 1229 748 673 151 1238 959 1069 31 842 964 843 1021 756 ]
K = 21
nk = [ 0 1 2 3 4 5 6 7 8 9 10 11 12 13 14 15 16 17 18 19 ]
First = [ 0 0 0 0 0 0 0 0 0 0 0 0 0 0 0 0 0 0 0 0 ]
Last = [ 0 0 0 0 0 0 0 0 0 0 0 0 0 0 0 0 0 0 0 0 ]
nS = 7
S = [ 1 1 0 0 0 0 0 1 0 0 0 1 1 1 1 0 0 0 0 0 ]
