n = 20 ; 
T = 48 ; 
Init = [ 1 0 1 1 0 0 0 0 0 0 0 1 0 0 0 1 0 0 1 1 ]
L = [ 5 4 8 5 9 7 6 6 5 7 6 4 5 3 7 9 9 10 4 7 ]
l = [ 5 4 8 5 9 7 6 6 5 7 6 4 5 3 7 9 9 10 4 7 ]
Pmin = [ 47 37 85 58 100 79 68 63 50 78 61 36 50 32 78 92 98 100 39 81 ]
Pmax = [ 47 37 85 58 100 79 68 63 50 78 61 36 50 32 78 92 98 100 39 81 ]
cf = [ 15.2661 41.6694 46.0156 33.5042 58.5163 64.5621 21.8492 27.527 52.2919 27.524 14.7533 24.7818 29.3123 21.1499 26.4215 61.2191 10.6844 36.0359 46.7365 9.11425 ]
c0 = [ 135 101 216 149 250 219 178 178 153 214 166 101 144 103 201 241 250 250 107 207 ]
cp = [ 20.9859 35.5058 16.7014 32.6698 9.33903 36.1567 22.6182 23.4963 32.4234 15.4185 22.0659 28.8511 29.8141 28.6585 26.4242 14.2411 15.2663 12.97 28.949 23.3108 ]
D = [ 272 19 338 1103 984 517 456 473 566 634 625 740 35 118 1301 1124 3 283 226 960 717 390 4 1188 689 415 1003 767 1029 511 812 1301 530 1150 1072 182 334 196 655 900 830 1280 309 865 65 277 657 68 ]
K = 21
nk = [ 0 1 2 3 4 5 6 7 8 9 10 11 12 13 14 15 16 17 18 19 ]
First = [ 0 0 0 0 0 0 0 0 0 0 0 0 0 0 0 0 0 0 0 0 ]
Last = [ 0 0 0 0 0 0 0 0 0 0 0 0 0 0 0 0 0 0 0 0 ]
nS = 6
S = [ 1 0 0 0 1 0 0 1 0 0 0 0 0 1 0 0 0 1 1 0 ]
