n = 20 ; 
T = 48 ; 
Init = [ 1 0 0 1 1 1 0 1 1 1 0 1 0 0 0 0 1 0 0 0 ]
L = [ 3 6 10 5 9 5 10 5 6 4 6 4 7 3 9 7 7 3 6 5 ]
l = [ 3 6 10 5 9 5 10 5 6 4 6 4 7 3 9 7 7 3 6 5 ]
Pmin = [ 32 57 100 58 100 57 100 50 66 50 69 40 64 30 100 70 73 22 57 56 ]
Pmax = [ 32 57 100 58 100 57 100 50 66 50 69 40 64 30 100 70 73 22 57 56 ]
cf = [ 49.0142 20.2231 52.7253 59.7028 33.5854 31.5407 8.79258 17.6669 41.3353 55.3396 14.3021 37.553 17.4314 64.4922 36.6358 30.1695 44.7892 68.819 57.5565 45.376 ]
c0 = [ 108 156 250 172 250 163 250 140 169 143 185 121 180 86 250 192 186 82 151 158 ]
cp = [ 38.4399 25.8476 8.13535 23.1422 11.8061 28.5639 9.61088 35.6514 20.1345 36.6882 24.5766 39.165 16.6142 31.8449 13.2842 22.8321 30.0136 38.176 23.8956 22.7869 ]
D = [ 757 199 283 401 403 693 1251 490 448 270 47 32 533 955 1078 1061 191 1114 21 873 823 166 229 1030 57 817 239 807 794 1243 318 300 191 602 701 594 43 701 1083 492 971 1130 524 253 834 351 62 1025 ]
K = 21
nk = [ 0 1 2 3 4 5 6 7 8 9 10 11 12 13 14 15 16 17 18 19 ]
First = [ 0 0 0 0 0 0 0 0 0 0 0 0 0 0 0 0 0 0 0 0 ]
Last = [ 0 0 0 0 0 0 0 0 0 0 0 0 0 0 0 0 0 0 0 0 ]
nS = 6
S = [ 1 0 0 0 0 1 0 0 0 1 0 0 0 0 0 1 1 0 0 1 ]
