n = 20 ; 
T = 48 ; 
Init = [ 0 1 1 1 0 0 1 1 0 0 1 0 0 0 0 0 1 0 0 0 ]
L = [ 8 9 6 10 3 4 4 9 6 3 3 9 9 6 8 5 10 8 9 5 ]
l = [ 8 9 6 10 3 4 4 9 6 3 3 9 9 6 8 5 10 8 9 5 ]
Pmin = [ 80 97 67 100 20 48 36 97 64 33 31 100 100 61 82 57 100 93 86 49 ]
Pmax = [ 80 97 67 100 20 48 36 97 64 33 31 100 100 61 82 57 100 93 86 49 ]
cf = [ 59.5002 11.7456 49.8067 22.0068 54.6504 54.4073 68.6386 32.3314 42.4006 69.188 42.3727 31.6689 56.1578 47.795 66.5099 44.8221 14.9045 63.6346 31.878 30.6717 ]
c0 = [ 221 250 174 250 76 137 119 250 169 97 96 250 250 165 222 153 250 250 222 135 ]
cp = [ 25.195 14.6983 26.819 9.41724 38.8837 35.6575 36.7289 18.5623 22.3338 27.5003 37.1798 8.86733 13.9958 31.4866 15.9661 34.1959 8.0938 15.9203 14.6992 29.8743 ]
D = [ 302 368 432 502 593 658 702 806 850 925 1002 1045 1133 1084 985 890 817 764 811 906 1046 874 686 558 359 434 518 568 636 666 736 800 860 964 1002 1067 1123 1043 981 866 768 692 828 892 1013 893 745 542 ]
K = 21
nk = [ 0 1 2 3 4 5 6 7 8 9 10 11 12 13 14 15 16 17 18 19 ]
First = [ 0 0 0 0 0 0 0 0 0 0 0 0 0 0 0 0 0 0 0 0 ]
Last = [ 0 0 0 0 0 0 0 0 0 0 0 0 0 0 0 0 0 0 0 0 ]
nS = 6
S = [ 1 0 0 0 1 0 0 0 0 1 0 1 0 0 0 0 1 0 1 0 ]
