n = 20 ; 
T = 48 ; 
Init = [ 0 1 1 0 0 1 0 0 1 1 1 1 1 1 0 0 1 0 0 0 ]
L = [ 7 9 3 8 6 9 4 8 9 5 10 3 9 9 8 8 2 3 2 10 ]
l = [ 7 9 3 8 6 9 4 8 9 5 10 3 9 9 8 8 2 3 2 10 ]
Pmin = [ 76 97 17 92 63 100 41 88 100 51 100 36 98 97 81 95 25 33 25 100 ]
Pmax = [ 76 97 17 92 63 100 41 88 100 51 100 36 98 97 81 95 25 33 25 100 ]
cf = [ 8.01551 49.299 58.1 58.9336 61.457 20.3333 54.3821 57.8981 17.0078 39.6098 38.0637 52.6843 23.2827 11.8889 16.7655 25.5863 54.1881 26.0805 9.28824 9.31197 ]
c0 = [ 205 250 63 241 161 250 111 237 250 152 250 111 250 250 208 242 77 102 83 250 ]
cp = [ 15.5226 13.8055 39.901 27.945 14.516 10.9135 32.947 21.6729 15.9692 36.1487 10.4264 38.5585 13.2604 15.0518 16.9406 15.584 41.683 39.0938 40.5689 11.2505 ]
D = [ 269 478 943 1138 1043 1126 2 13 517 768 1358 540 303 1091 292 111 1390 1356 1255 200 673 537 1226 1039 647 30 41 292 459 93 344 728 571 1287 451 198 999 453 211 101 1221 154 641 109 1244 933 221 1219 ]
K = 21
nk = [ 0 1 2 3 4 5 6 7 8 9 10 11 12 13 14 15 16 17 18 19 ]
First = [ 0 0 0 0 0 0 0 0 0 0 0 0 0 0 0 0 0 0 0 0 ]
Last = [ 0 0 0 0 0 0 0 0 0 0 0 0 0 0 0 0 0 0 0 0 ]
nS = 7
S = [ 1 0 1 0 1 0 0 0 0 1 0 0 0 1 0 0 0 1 1 0 ]
