n = 20 ; 
T = 48 ; 
Init = [ 0 1 0 1 1 1 0 0 0 0 1 1 0 1 0 0 0 0 0 1 ]
L = [ 10 6 2 3 7 4 7 4 9 6 6 8 8 6 9 2 8 5 8 7 ]
l = [ 10 6 2 3 7 4 7 4 9 6 6 8 8 6 9 2 8 5 8 7 ]
Pmin = [ 100 61 19 32 77 44 76 38 92 55 60 88 87 69 100 24 79 50 78 77 ]
Pmax = [ 100 61 19 32 77 44 76 38 92 55 60 88 87 69 100 24 79 50 78 77 ]
cf = [ 7.65569 56.9582 19.6573 46.5403 59.6984 64.9057 65.0744 29.5514 67.9897 17.3218 8.43756 40.4463 11.0925 39.9454 65.1083 65.9488 48.9605 22.6183 66.9994 45.5911 ]
c0 = [ 250 178 67 95 214 118 199 102 250 156 167 239 224 193 250 85 214 152 200 205 ]
cp = [ 14.093 29.1152 41.4264 32.7305 19.8466 33.095 22.0303 23.9922 11.8222 23.9849 24.8358 21.3436 23.6112 15.1995 17.5623 39.9338 25.9497 26.822 19.5842 21.9633 ]
D = [ 1195 636 530 267 397 167 1261 4 115 189 531 129 1225 794 949 1011 688 847 173 647 1061 203 34 1145 886 1238 1061 449 256 999 1249 145 329 474 412 726 640 366 731 756 556 1262 885 475 750 528 180 132 ]
K = 21
nk = [ 0 1 2 3 4 5 6 7 8 9 10 11 12 13 14 15 16 17 18 19 ]
First = [ 0 0 0 0 0 0 0 0 0 0 0 0 0 0 0 0 0 0 0 0 ]
Last = [ 0 0 0 0 0 0 0 0 0 0 0 0 0 0 0 0 0 0 0 0 ]
nS = 5
S = [ 1 0 0 0 1 0 0 0 1 0 0 0 0 0 1 0 0 0 1 0 ]
