n = 20 ; 
T = 48 ; 
Init = [ 0 1 1 0 1 1 1 0 0 1 0 0 0 1 0 0 0 0 1 0 ]
L = [ 4 9 10 7 6 9 5 6 7 3 2 8 8 3 8 9 7 10 5 3 ]
l = [ 4 9 10 7 6 9 5 6 7 3 2 8 8 3 8 9 7 10 5 3 ]
Pmin = [ 32 87 100 78 64 100 52 61 70 32 18 85 85 29 82 100 77 100 50 25 ]
Pmax = [ 32 87 100 78 64 100 52 61 70 32 18 85 85 29 82 100 77 100 50 25 ]
cf = [ 9.89987 32.0374 26.6199 52.4641 36.6734 28.2101 48.4613 54.3901 40.4693 60.4583 38.8012 59.0683 28.067 19.2456 35.6723 22.7446 18.4655 42.3739 61.3733 63.4247 ]
c0 = [ 93 230 250 211 183 250 137 170 194 102 55 218 235 101 221 250 214 250 149 93 ]
cp = [ 31.5761 11.681 8.16454 17.661 32.3707 8.6599 30.3965 19.6035 21.4126 36.3234 40.8348 13.0114 16.449 38.6098 15.6835 10.0868 14.9753 9.73954 28.5099 39.7328 ]
D = [ 310 370 438 475 560 632 674 777 845 908 945 1006 1086 985 945 847 781 705 826 945 1023 825 631 473 248 354 430 506 561 662 704 820 844 923 1042 1117 1167 1060 982 892 768 722 804 948 1069 867 739 568 ]
K = 21
nk = [ 0 1 2 3 4 5 6 7 8 9 10 11 12 13 14 15 16 17 18 19 ]
First = [ 0 0 0 0 0 0 0 0 0 0 0 0 0 0 0 0 0 0 0 0 ]
Last = [ 0 0 0 0 0 0 0 0 0 0 0 0 0 0 0 0 0 0 0 0 ]
nS = 6
S = [ 1 0 0 0 0 1 0 0 1 0 0 0 0 0 1 1 0 0 0 1 ]
