n = 20 ; 
T = 48 ; 
Init = [ 1 0 0 1 0 0 0 1 1 0 0 1 1 0 0 0 0 1 1 1 ]
L = [ 6 7 3 3 7 10 7 9 10 2 5 9 3 2 9 9 5 4 6 7 ]
l = [ 6 7 3 3 7 10 7 9 10 2 5 9 3 2 9 9 5 4 6 7 ]
Pmin = [ 67 72 26 33 64 100 69 100 100 21 59 100 26 17 100 100 50 41 50 68 ]
Pmax = [ 67 72 26 33 64 100 69 100 100 21 59 100 26 17 100 100 50 41 50 68 ]
cf = [ 66.1899 25.0798 67.7784 44.5984 45.557 34.3637 29.036 49.0624 67.0031 33.6529 67.9969 35.6036 28.2993 13.8976 22.4154 46.2293 69.9733 64.6422 49.1901 9.52599 ]
c0 = [ 181 203 76 108 169 250 192 250 250 80 163 250 82 53 250 250 145 123 138 176 ]
cp = [ 29.4079 29.4196 36.7579 38.177 23.739 8.80094 22.9997 9.5567 8.54619 40.8085 26.886 15.6496 34.7481 40.6723 11.243 13.3721 19.0199 39.1329 26.9689 25.5409 ]
D = [ 900 188 648 85 286 773 615 1164 282 1010 1248 205 109 1203 959 882 489 138 463 429 672 422 1002 1099 561 48 623 560 1204 206 611 841 394 1259 926 680 768 278 581 1050 25 566 1256 135 506 952 1017 995 ]
K = 21
nk = [ 0 1 2 3 4 5 6 7 8 9 10 11 12 13 14 15 16 17 18 19 ]
First = [ 0 0 0 0 0 0 0 0 0 0 0 0 0 0 0 0 0 0 0 0 ]
Last = [ 0 0 0 0 0 0 0 0 0 0 0 0 0 0 0 0 0 0 0 0 ]
nS = 7
S = [ 1 0 0 1 0 1 0 1 0 0 1 1 0 0 0 1 0 0 0 0 ]
