n = 20 ; 
T = 48 ; 
Init = [ 1 0 1 0 1 1 1 1 1 0 1 0 1 0 1 1 1 1 0 1 ]
L = [ 10 5 4 9 8 8 5 5 5 3 10 2 7 8 3 5 5 5 7 6 ]
l = [ 10 5 4 9 8 8 5 5 5 3 10 2 7 8 3 5 5 5 7 6 ]
Pmin = [ 100 49 34 98 96 93 50 56 51 30 100 22 74 92 27 51 51 51 69 60 ]
Pmax = [ 100 49 34 98 96 93 50 56 51 30 100 22 74 92 27 51 51 51 69 60 ]
cf = [ 67.3856 61.3952 9.14031 38.733 38.9353 69.3127 63.495 13.899 8.49454 60.4485 58.7959 51.5637 26.3247 32.2691 31.7714 39.5419 21.5525 13.7925 43.026 32.1357 ]
c0 = [ 250 139 105 250 245 250 146 145 135 100 250 66 190 242 97 154 137 142 191 169 ]
cp = [ 9.24899 35.3243 36.1266 11.2433 19.2615 19.1332 30.6033 21.948 30.7626 39.6462 9.82299 37.8991 32.0364 28.045 33.6207 20.1673 27.9909 23.2464 25.8533 15.0024 ]
D = [ 1080 793 678 1150 119 577 1139 302 1051 712 1168 999 541 1211 376 1176 1197 247 60 1227 57 1091 860 441 340 99 1089 629 234 552 1130 61 91 554 1210 210 1130 1096 511 927 554 426 672 1095 383 1048 1017 326 ]
K = 21
nk = [ 0 1 2 3 4 5 6 7 8 9 10 11 12 13 14 15 16 17 18 19 ]
First = [ 0 0 0 0 0 0 0 0 0 0 0 0 0 0 0 0 0 0 0 0 ]
Last = [ 0 0 0 0 0 0 0 0 0 0 0 0 0 0 0 0 0 0 0 0 ]
nS = 6
S = [ 1 1 0 0 0 1 0 0 0 0 1 0 0 0 0 0 1 1 0 0 ]
