n = 20 ; 
T = 48 ; 
Init = [ 0 1 1 0 0 1 0 0 0 0 0 1 1 0 0 1 0 1 0 0 ]
L = [ 10 6 9 5 3 7 6 8 6 4 9 7 3 6 5 5 7 3 4 7 ]
l = [ 10 6 9 5 3 7 6 8 6 4 9 7 3 6 5 5 7 3 4 7 ]
Pmin = [ 100 58 91 55 25 72 66 98 61 50 92 74 28 66 47 60 70 24 46 67 ]
Pmax = [ 100 58 91 55 25 72 66 98 61 50 92 74 28 66 47 60 70 24 46 67 ]
cf = [ 45.2117 54.1707 45.2896 56.6541 49.8047 19.919 56.3462 33.244 28.3884 51.9465 37.7636 33.5213 65.2171 52.1024 28.774 10.59 26.9794 21.7311 27.8906 7.36857 ]
c0 = [ 250 154 233 162 73 195 189 250 171 138 250 196 80 169 130 157 187 82 122 188 ]
cp = [ 9.89198 27.8337 12.941 29.727 36.6494 17.6509 16.5884 16.1808 14.7227 28.4191 16.9838 22.31 38.5088 22.2112 24.8222 21.8459 22.5261 32.6941 34.313 23.7641 ]
D = [ 333 408 464 508 603 645 730 782 817 911 958 1019 1092 1010 907 789 695 589 695 791 915 747 597 457 317 344 420 515 584 640 716 763 840 904 972 1030 1127 1025 927 822 713 593 706 851 948 768 600 451 ]
K = 21
nk = [ 0 1 2 3 4 5 6 7 8 9 10 11 12 13 14 15 16 17 18 19 ]
First = [ 0 0 0 0 0 0 0 0 0 0 0 0 0 0 0 0 0 0 0 0 ]
Last = [ 0 0 0 0 0 0 0 0 0 0 0 0 0 0 0 0 0 0 0 0 ]
nS = 7
S = [ 1 0 0 0 1 0 0 0 0 1 0 1 0 0 1 1 0 0 0 1 ]
