n = 20 ; 
T = 48 ; 
Init = [ 0 1 0 0 0 0 1 1 0 0 1 0 0 0 1 1 1 1 1 0 ]
L = [ 7 7 7 6 5 6 5 6 10 8 5 6 3 7 8 3 7 5 7 8 ]
l = [ 7 7 7 6 5 6 5 6 10 8 5 6 3 7 8 3 7 5 7 8 ]
Pmin = [ 66 75 77 63 52 61 49 59 100 89 50 64 24 79 92 23 66 49 67 93 ]
Pmax = [ 66 75 77 63 52 61 49 59 100 89 50 64 24 79 92 23 66 49 67 93 ]
cf = [ 46.7139 31.0888 60.916 16.9137 7.28066 26.8278 14.4524 12.4077 38.8682 23.9146 58.3359 65.4045 63.7849 24.4119 31.0644 56.4333 26.0072 63.0521 18.8026 34.7847 ]
c0 = [ 177 203 206 172 155 157 139 161 250 240 153 170 74 218 246 78 169 130 182 250 ]
cp = [ 24.3849 27.6154 24.6491 31.8014 23.1555 36.6109 21.7978 22.0566 8.76647 14.0233 33.9089 25.9846 36.0991 21.9209 28.3245 37.4893 19.4795 33.7742 18.6963 23.7607 ]
D = [ 334 404 452 545 635 698 730 807 895 942 1011 1063 1152 1044 943 845 714 619 765 898 1054 859 710 535 340 428 474 556 624 695 747 810 897 957 989 1055 1117 1019 941 837 745 624 782 886 1059 843 648 480 ]
K = 21
nk = [ 0 1 2 3 4 5 6 7 8 9 10 11 12 13 14 15 16 17 18 19 ]
First = [ 0 0 0 0 0 0 0 0 0 0 0 0 0 0 0 0 0 0 0 0 ]
Last = [ 0 0 0 0 0 0 0 0 0 0 0 0 0 0 0 0 0 0 0 0 ]
nS = 7
S = [ 1 0 0 0 0 1 0 1 0 0 1 0 0 0 1 0 0 0 1 1 ]
