n = 15 ; 
T = 24 ; 
Init = [ 1 1 0 0 1 1 1 1 0 0 0 1 1 1 0 ]
L = [ 2 2 3 3 3 3 10 10 6 3 3 8 8 8 10 ]
l = [ 2 2 3 3 3 3 10 10 6 3 3 8 8 8 10 ]
Pmin = [ 21 21 27 27 25 25 100 100 57 27 27 80 80 80 100 ]
Pmax = [ 21 21 27 27 25 25 100 100 57 27 27 80 80 80 100 ]
cf = [ 66.9252 66.9252 9.32359 9.32359 24.7115 24.7115 22.3878 22.3878 47.9076 51.661 51.661 56.4936 56.4936 56.4936 55.2436 ]
c0 = [ 69 69 95 95 83 83 250 250 151 91 91 214 214 214 250 ]
cp = [ 41.3606 41.3606 41.1655 41.1655 35.3791 35.3791 8.30694 8.30694 23.7705 38.5973 38.5973 18.8253 18.8253 18.8253 9.11668 ]
D = [ 196 243 282 322 355 398 453 511 540 586 622 669 717 657 599 523 464 409 500 571 638 529 421 308 ]
K = 8
nk = [ 1 1 2 2 3 3 4 4 5 6 6 7 7 7 8 ]
First = [ 1 0 1 0 1 0 1 0 1 1 0 1 0 0 1 ]
Last = [ 0 1 0 1 0 1 0 1 1 0 1 0 0 1 1 ]
nS = 8
S = [ 1 0 1 0 1 0 1 0 1 1 0 1 0 0 1 ]
