n = 15 ; 
T = 24 ; 
Init = [ 0 1 1 1 1 1 1 0 1 1 1 1 0 0 0 ]
L = [ 7 3 3 3 9 9 9 4 6 6 7 7 6 6 8 ]
l = [ 7 3 3 3 9 9 9 4 6 6 7 7 6 6 8 ]
Pmin = [ 80 29 29 29 100 100 100 44 65 65 74 74 66 66 91 ]
Pmax = [ 80 29 29 29 100 100 100 44 65 65 74 74 66 66 91 ]
cf = [ 45.1377 26.9434 26.9434 26.9434 54.0602 54.0602 54.0602 36.2219 62.9538 62.9538 7.10703 7.10703 56.0941 56.0941 30.3539 ]
c0 = [ 214 95 95 95 250 250 250 133 175 175 206 206 187 187 250 ]
cp = [ 15.4145 39.3016 39.3016 39.3016 12.3101 12.3101 12.3101 31.4327 31.0929 31.0929 17.7608 17.7608 25.3839 25.3839 12.4406 ]
D = [ 211 269 349 365 442 483 521 600 636 691 739 815 858 761 705 643 551 485 551 644 731 592 512 389 ]
K = 8
nk = [ 1 2 2 2 3 3 3 4 5 5 6 6 7 7 8 ]
First = [ 1 1 0 0 1 0 0 1 1 0 1 0 1 0 1 ]
Last = [ 1 0 0 1 0 0 1 1 0 1 0 1 0 1 1 ]
nS = 8
S = [ 1 1 0 0 1 0 0 1 1 0 1 0 1 0 1 ]
