n = 15 ; 
T = 24 ; 
Init = [ 1 1 1 1 1 1 0 0 0 0 0 1 1 1 1 ]
L = [ 5 5 5 10 10 10 8 8 3 3 3 6 6 6 4 ]
l = [ 5 5 5 10 10 10 8 8 3 3 3 6 6 6 4 ]
Pmin = [ 60 60 60 100 100 100 90 90 32 32 32 56 56 56 41 ]
Pmax = [ 60 60 60 100 100 100 90 90 32 32 32 56 56 56 41 ]
cf = [ 11.4894 11.4894 11.4894 14.8914 14.8914 14.8914 54.3322 54.3322 30.7528 30.7528 30.7528 52.2184 52.2184 52.2184 28.1904 ]
c0 = [ 159 159 159 250 250 250 238 238 88 88 88 161 161 161 127 ]
cp = [ 27.2684 27.2684 27.2684 9.18189 9.18189 9.18189 13.7884 13.7884 38.9608 38.9608 38.9608 29.1428 29.1428 29.1428 33.6645 ]
D = [ 251 289 357 381 453 499 523 584 630 665 714 767 805 736 673 621 576 508 561 610 671 555 477 337 ]
K = 6
nk = [ 1 1 1 2 2 2 3 3 4 4 4 5 5 5 6 ]
First = [ 1 0 0 1 0 0 1 0 1 0 0 1 0 0 1 ]
Last = [ 0 0 1 0 0 1 0 1 0 0 1 0 0 1 1 ]
nS = 6
S = [ 1 0 0 1 0 0 1 0 1 0 0 1 0 0 1 ]
