n = 15 ; 
T = 24 ; 
Init = [ 0 0 0 0 1 1 1 1 0 0 0 1 1 1 1 ]
L = [ 4 8 8 8 10 10 10 6 4 4 4 7 9 9 9 ]
l = [ 4 8 8 8 10 10 10 6 4 4 4 7 9 9 9 ]
Pmin = [ 51 84 84 84 100 100 100 66 36 36 36 71 89 89 89 ]
Pmax = [ 51 84 84 84 100 100 100 66 36 36 36 71 89 89 89 ]
cf = [ 8.60378 49.8958 49.8958 49.8958 25.7807 25.7807 25.7807 19.6374 27.0616 27.0616 27.0616 9.01358 38.7711 38.7711 38.7711 ]
c0 = [ 153 228 228 228 250 250 250 178 104 104 104 183 242 242 242 ]
cp = [ 34.3481 14.5798 14.5798 14.5798 8.41341 8.41341 8.41341 25.1895 36.8773 36.8773 36.8773 24.5808 11.8127 11.8127 11.8127 ]
D = [ 296 367 412 479 530 596 648 703 715 805 859 873 948 849 768 712 601 540 629 743 830 691 592 435 ]
K = 7
nk = [ 1 2 2 2 3 3 3 4 5 5 5 6 7 7 7 ]
First = [ 1 1 0 0 1 0 0 1 1 0 0 1 1 0 0 ]
Last = [ 1 0 0 1 0 0 1 1 0 0 1 1 0 0 1 ]
nS = 7
S = [ 1 1 0 0 1 0 0 1 1 0 0 1 1 0 0 ]
