n = 15 ; 
T = 24 ; 
Init = [ 0 0 0 0 0 1 1 1 0 0 0 1 1 1 0 ]
L = [ 8 8 8 8 8 10 10 7 7 4 5 8 8 4 6 ]
l = [ 8 8 8 8 8 10 10 7 7 4 5 8 8 4 6 ]
Pmin = [ 94 94 94 85 85 100 100 88 65 33 52 85 85 40 61 ]
Pmax = [ 94 94 94 85 85 100 100 88 65 33 52 85 85 40 61 ]
cf = [ 39.7334 39.7334 39.7334 42.7026 42.7026 16.3556 16.3556 61.9313 42.6867 17.8789 68.5136 67.0273 67.0273 35.6273 29.9004 ]
c0 = [ 247 247 247 219 219 250 250 227 168 97 154 225 225 112 175 ]
cp = [ 13.5245 13.5245 13.5245 18.3307 18.3307 8.34865 8.34865 15.8035 18.3241 37.9686 18.8411 21.8817 21.8817 35.9559 26.4998 ]
D = [ 234 308 367 436 497 540 620 666 741 786 825 899 946 876 802 746 658 575 700 818 913 728 561 435 ]
K = 10
nk = [ 1 1 1 2 2 3 3 4 5 6 7 8 8 9 10 ]
First = [ 1 0 0 1 0 1 0 1 1 1 1 1 0 1 1 ]
Last = [ 0 0 1 0 1 0 1 1 1 1 1 0 1 1 1 ]
nS = 10
S = [ 1 0 0 1 0 1 0 1 1 1 1 1 0 1 1 ]
