n = 15 ; 
T = 24 ; 
Init = [ 0 0 0 0 0 0 0 1 1 0 0 0 0 0 0 ]
L = [ 2 2 4 4 4 4 4 10 10 7 7 7 7 7 10 ]
l = [ 2 2 4 4 4 4 4 10 10 7 7 7 7 7 10 ]
Pmin = [ 17 17 42 42 42 42 42 100 100 72 72 72 75 75 100 ]
Pmax = [ 17 17 42 42 42 42 42 100 100 72 72 72 75 75 100 ]
cf = [ 51.9755 51.9755 56.1833 56.1833 56.1833 43.8369 43.8369 38.1107 38.1107 63.5819 63.5819 63.5819 16.942 16.942 18.1393 ]
c0 = [ 58 58 133 133 133 129 129 250 250 186 186 186 202 202 250 ]
cp = [ 41.3485 41.3485 29.8232 29.8232 29.8232 35.0001 35.0001 8.03461 8.03461 33.0471 33.0471 33.0471 28.4675 28.4675 9.88474 ]
D = [ 210 251 277 323 392 431 455 525 574 602 658 695 726 670 600 542 495 426 516 592 699 568 480 340 ]
K = 7
nk = [ 1 1 2 2 2 3 3 4 4 5 5 5 6 6 7 ]
First = [ 1 0 1 0 0 1 0 1 0 1 0 0 1 0 1 ]
Last = [ 0 1 0 0 1 0 1 0 1 0 0 1 0 1 1 ]
nS = 7
S = [ 1 0 1 0 0 1 0 1 0 1 0 0 1 0 1 ]
