n = 15 ; 
T = 24 ; 
Init = [ 1 1 1 0 0 0 1 1 1 0 0 0 0 1 1 ]
L = [ 3 8 5 9 9 9 7 7 7 7 7 10 2 4 4 ]
l = [ 3 8 5 9 9 9 7 7 7 7 7 10 2 4 4 ]
Pmin = [ 28 87 46 100 100 100 71 71 71 67 67 100 24 39 39 ]
Pmax = [ 28 87 46 100 100 100 71 71 71 67 67 100 24 39 39 ]
cf = [ 31.0613 52.6593 8.58334 41.2358 41.2358 41.2358 16.0446 16.0446 16.0446 8.37804 8.37804 55.0161 19.8838 23.5454 23.5454 ]
c0 = [ 97 239 127 250 250 250 189 189 189 178 178 250 89 108 108 ]
cp = [ 35.7845 11.455 34.4357 13.1324 13.1324 13.1324 16.615 16.615 16.615 31.1299 31.1299 8.73027 32.1995 33.7287 33.7287 ]
D = [ 219 300 335 373 425 509 550 601 634 710 757 807 856 795 747 660 594 535 607 686 733 645 525 401 ]
K = 9
nk = [ 1 2 3 4 4 4 5 5 5 6 6 7 8 9 9 ]
First = [ 1 1 1 1 0 0 1 0 0 1 0 1 1 1 0 ]
Last = [ 1 1 1 0 0 1 0 0 1 0 1 1 1 0 1 ]
nS = 9
S = [ 1 1 1 1 0 0 1 0 0 1 0 1 1 1 0 ]
