n = 20 ; 
T = 24 ; 
Init = [ 1 1 1 1 1 1 1 1 1 1 0 0 0 0 0 1 1 1 1 1 ]
L = [ 4 4 4 4 4 4 4 4 4 4 4 4 4 4 4 3 3 3 3 3 ]
l = [ 4 4 4 4 4 4 4 4 4 4 4 4 4 4 4 3 3 3 3 3 ]
Pmin = [ 44 44 44 44 44 44 44 44 44 44 39 39 39 39 39 27 27 27 27 27 ]
Pmax = [ 44 44 44 44 44 44 44 44 44 44 39 39 39 39 39 27 27 27 27 27 ]
cf = [ 64.3501 64.3501 64.3501 64.3501 64.3501 64.3501 64.3501 64.3501 64.3501 64.3501 7.59857 7.59857 7.59857 7.59857 7.59857 11.3902 11.3902 11.3902 11.3902 11.3902 ]
c0 = [ 134 134 134 134 134 134 134 134 134 134 124 124 124 124 124 94 94 94 94 94 ]
cp = [ 34.5014 34.5014 34.5014 34.5014 34.5014 34.5014 34.5014 34.5014 34.5014 34.5014 36.8698 36.8698 36.8698 36.8698 36.8698 38.2517 38.2517 38.2517 38.2517 38.2517 ]
D = [ 209 265 301 324 371 402 431 481 514 544 572 610 646 599 563 489 440 392 448 516 592 497 370 270 ]
K = 3
nk = [ 1 1 1 1 1 1 1 1 1 1 2 2 2 2 2 3 3 3 3 3 ]
First = [ 1 0 0 0 0 0 0 0 0 0 1 0 0 0 0 1 0 0 0 0 ]
Last = [ 0 0 0 0 0 0 0 0 0 1 0 0 0 0 1 0 0 0 0 1 ]
nS = 3
S = [ 1 0 0 0 0 0 0 0 0 0 1 0 0 0 0 1 0 0 0 0 ]
