n = 20 ; 
T = 24 ; 
Init = [ 1 1 1 1 0 0 0 0 1 1 1 0 1 1 0 0 0 0 0 0 ]
L = [ 4 4 4 4 3 3 3 3 10 10 10 5 6 6 4 4 4 4 9 9 ]
l = [ 4 4 4 4 3 3 3 3 10 10 10 5 6 6 4 4 4 4 9 9 ]
Pmin = [ 31 31 31 31 28 28 28 28 100 100 100 56 71 71 39 39 39 39 95 95 ]
Pmax = [ 31 31 31 31 28 28 28 28 100 100 100 56 71 71 39 39 39 39 95 95 ]
cf = [ 41.8304 41.8304 41.8304 41.8304 63.9275 63.9275 63.9275 63.9275 53.3062 53.3062 53.3062 36.3736 42.2804 42.2804 26.7095 26.7095 26.7095 26.7095 23.7849 23.7849 ]
c0 = [ 97 97 97 97 80 80 80 80 250 250 250 164 189 189 108 108 108 108 243 243 ]
cp = [ 22.5201 22.5201 22.5201 22.5201 38.2749 38.2749 38.2749 38.2749 8.75868 8.75868 8.75868 27.4399 27.747 27.747 32.8134 32.8134 32.8134 32.8134 18.4544 18.4544 ]
D = [ 273 361 396 446 501 539 585 655 729 763 794 857 933 858 785 698 640 522 634 729 792 683 528 382 ]
K = 7
nk = [ 1 1 1 1 2 2 2 2 3 3 3 4 5 5 6 6 6 6 7 7 ]
First = [ 1 0 0 0 1 0 0 0 1 0 0 1 1 0 1 0 0 0 1 0 ]
Last = [ 0 0 0 1 0 0 0 1 0 0 1 1 0 1 0 0 0 1 0 1 ]
nS = 7
S = [ 1 0 0 0 1 0 0 0 1 0 0 1 1 0 1 0 0 0 1 0 ]
