n = 20 ; 
T = 24 ; 
Init = [ 0 0 0 0 0 0 0 0 0 0 0 0 0 0 0 0 0 1 1 1 ]
L = [ 7 7 3 3 3 3 4 4 4 4 3 3 3 3 4 4 4 8 8 8 ]
l = [ 7 7 3 3 3 3 4 4 4 4 3 3 3 3 4 4 4 8 8 8 ]
Pmin = [ 80 80 38 38 38 38 36 36 36 36 31 31 31 31 44 44 44 90 90 90 ]
Pmax = [ 80 80 38 38 38 38 36 36 36 36 31 31 31 31 44 44 44 90 90 90 ]
cf = [ 9.09367 9.09367 42.0838 42.0838 42.0838 42.0838 63.7316 63.7316 63.7316 63.7316 10.3142 10.3142 10.3142 10.3142 46.875 46.875 46.875 42.5124 42.5124 42.5124 ]
c0 = [ 221 221 107 107 107 107 99 99 99 99 94 94 94 94 119 119 119 246 246 246 ]
cp = [ 21.6743 21.6743 33.6467 33.6467 33.6467 33.6467 34.0783 34.0783 34.0783 34.0783 26.8609 26.8609 26.8609 26.8609 28.1209 28.1209 28.1209 21.2262 21.2262 21.2262 ]
D = [ 291 344 364 439 485 535 591 619 683 745 795 817 883 799 736 647 581 482 582 644 721 597 495 379 ]
K = 6
nk = [ 1 1 2 2 2 2 3 3 3 3 4 4 4 4 5 5 5 6 6 6 ]
First = [ 1 0 1 0 0 0 1 0 0 0 1 0 0 0 1 0 0 1 0 0 ]
Last = [ 0 1 0 0 0 1 0 0 0 1 0 0 0 1 0 0 1 0 0 1 ]
nS = 6
S = [ 1 0 1 0 0 0 1 0 0 0 1 0 0 0 1 0 0 1 0 0 ]
