n = 20 ; 
T = 24 ; 
Init = [ 1 1 1 1 0 0 0 1 1 1 0 0 0 0 0 1 1 1 1 0 ]
L = [ 8 8 8 8 10 10 10 4 8 8 3 3 6 3 3 9 9 2 2 10 ]
l = [ 8 8 8 8 10 10 10 4 8 8 3 3 6 3 3 9 9 2 2 10 ]
Pmin = [ 82 82 82 82 100 100 100 33 93 93 27 27 67 35 35 100 100 23 23 100 ]
Pmax = [ 82 82 82 82 100 100 100 33 93 93 27 27 67 35 35 100 100 23 23 100 ]
cf = [ 39.4778 39.4778 39.4778 39.4778 25.114 25.114 25.114 7.17797 65.8843 65.8843 39.7095 39.7095 51.7453 9.40459 9.40459 29.4469 29.4469 16.4247 16.4247 69.7981 ]
c0 = [ 228 228 228 228 250 250 250 98 236 236 78 78 186 111 111 250 250 83 83 250 ]
cp = [ 12.6086 12.6086 12.6086 12.6086 8.23142 8.23142 8.23142 36.2971 19.7784 19.7784 34.2715 34.2715 33.859 31.3995 31.3995 18.8869 18.8869 38.5644 38.5644 8.1734 ]
D = [ 306 374 427 519 587 630 695 805 833 950 982 1075 1155 1045 968 880 743 644 789 932 1087 901 731 527 ]
K = 10
nk = [ 1 1 1 1 2 2 2 3 4 4 5 5 6 7 7 8 8 9 9 10 ]
First = [ 1 0 0 0 1 0 0 1 1 0 1 0 1 1 0 1 0 1 0 1 ]
Last = [ 0 0 0 1 0 0 1 1 0 1 0 1 1 0 1 0 1 0 1 1 ]
nS = 10
S = [ 1 0 0 0 1 0 0 1 1 0 1 0 1 1 0 1 0 1 0 1 ]
