n = 20 ; 
T = 24 ; 
Init = [ 0 0 0 1 1 1 1 1 1 1 1 1 1 1 1 1 0 0 0 0 ]
L = [ 7 7 7 3 3 3 3 10 10 7 7 7 5 5 10 10 4 4 4 4 ]
l = [ 7 7 7 3 3 3 3 10 10 7 7 7 5 5 10 10 4 4 4 4 ]
Pmin = [ 78 78 78 34 34 34 34 100 100 82 82 82 57 57 100 100 49 49 41 41 ]
Pmax = [ 78 78 78 34 34 34 34 100 100 82 82 82 57 57 100 100 49 49 41 41 ]
cf = [ 33.6656 33.6656 33.6656 59.8318 59.8318 59.8318 59.8318 44.3867 44.3867 49.8446 49.8446 49.8446 7.31959 7.31959 26.434 26.434 22.7629 22.7629 66.6397 66.6397 ]
c0 = [ 218 218 218 94 94 94 94 250 250 209 209 209 169 169 250 250 138 138 125 125 ]
cp = [ 17.4861 17.4861 17.4861 40.1412 40.1412 40.1412 40.1412 14.7481 14.7481 25.127 25.127 25.127 15.1146 15.1146 8.13722 8.13722 29.0545 29.0545 31.8813 31.8813 ]
D = [ 356 429 481 523 580 648 722 801 855 881 978 996 1071 1002 914 815 723 628 700 800 918 765 597 478 ]
K = 8
nk = [ 1 1 1 2 2 2 2 3 3 4 4 4 5 5 6 6 7 7 8 8 ]
First = [ 1 0 0 1 0 0 0 1 0 1 0 0 1 0 1 0 1 0 1 0 ]
Last = [ 0 0 1 0 0 0 1 0 1 0 0 1 0 1 0 1 0 1 0 1 ]
nS = 8
S = [ 1 0 0 1 0 0 0 1 0 1 0 0 1 0 1 0 1 0 1 0 ]
