n = 20 ; 
T = 24 ; 
Init = [ 0 0 0 0 0 0 0 0 0 0 0 0 0 1 1 1 1 0 0 1 ]
L = [ 9 9 9 9 9 9 9 9 9 9 5 9 9 2 2 2 2 3 3 6 ]
l = [ 9 9 9 9 9 9 9 9 9 9 5 9 9 2 2 2 2 3 3 6 ]
Pmin = [ 99 99 99 99 99 99 99 99 99 99 52 100 100 29 29 29 29 21 21 62 ]
Pmax = [ 99 99 99 99 99 99 99 99 99 99 52 100 100 29 29 29 29 21 21 62 ]
cf = [ 58.0562 58.0562 58.0562 58.0562 58.0562 58.0562 58.0562 58.0562 58.0562 58.0562 45.6763 19.972 19.972 8.01431 8.01431 8.01431 8.01431 30.5203 30.5203 29.1938 ]
c0 = [ 248 248 248 248 248 248 248 248 248 248 150 250 250 87 87 87 87 77 77 174 ]
cp = [ 11.8925 11.8925 11.8925 11.8925 11.8925 11.8925 11.8925 11.8925 11.8925 11.8925 31.4394 9.55356 9.55356 40.456 40.456 40.456 40.456 34.4838 34.4838 24.9813 ]
D = [ 312 388 470 577 634 679 781 826 906 997 1063 1142 1227 1133 1053 935 869 749 901 1034 1177 962 750 559 ]
K = 6
nk = [ 1 1 1 1 1 1 1 1 1 1 2 3 3 4 4 4 4 5 5 6 ]
First = [ 1 0 0 0 0 0 0 0 0 0 1 1 0 1 0 0 0 1 0 1 ]
Last = [ 0 0 0 0 0 0 0 0 0 1 1 0 1 0 0 0 1 0 1 1 ]
nS = 6
S = [ 1 0 0 0 0 0 0 0 0 0 1 1 0 1 0 0 0 1 0 1 ]
