n = 20 ; 
T = 24 ; 
Init = [ 0 0 0 1 1 0 0 0 0 0 0 0 0 0 0 0 0 0 0 1 ]
L = [ 3 3 3 7 7 8 8 8 8 8 8 10 8 8 8 8 6 6 6 3 ]
l = [ 3 3 3 7 7 8 8 8 8 8 8 10 8 8 8 8 6 6 6 3 ]
Pmin = [ 20 20 20 73 73 88 88 88 84 84 84 100 87 87 87 87 56 56 56 29 ]
Pmax = [ 20 20 20 73 73 88 88 88 84 84 84 100 87 87 87 87 56 56 56 29 ]
cf = [ 12.1224 12.1224 12.1224 31.9521 31.9521 18.484 18.484 18.484 39.0801 39.0801 39.0801 22.733 65.9004 65.9004 65.9004 65.9004 57.3609 57.3609 57.3609 31.5061 ]
c0 = [ 61 61 61 188 188 233 233 233 214 214 214 250 226 226 226 226 166 166 166 100 ]
cp = [ 37.7665 37.7665 37.7665 18.7371 18.7371 22.6003 22.6003 22.6003 9.95798 9.95798 9.95798 8.92508 12.0344 12.0344 12.0344 12.0344 24.1781 24.1781 24.1781 30.2157 ]
D = [ 353 454 495 563 649 733 776 880 952 1013 1048 1158 1212 1103 974 882 788 675 772 869 1011 836 623 455 ]
K = 8
nk = [ 1 1 1 2 2 3 3 3 4 4 4 5 6 6 6 6 7 7 7 8 ]
First = [ 1 0 0 1 0 1 0 0 1 0 0 1 1 0 0 0 1 0 0 1 ]
Last = [ 0 0 1 0 1 0 0 1 0 0 1 1 0 0 0 1 0 0 1 1 ]
nS = 8
S = [ 1 0 0 1 0 1 0 0 1 0 0 1 1 0 0 0 1 0 0 1 ]
