n = 20 ; 
T = 24 ; 
Init = [ 1 1 1 0 0 0 0 0 0 0 0 0 0 1 1 1 1 1 1 1 ]
L = [ 6 6 6 9 9 9 9 8 8 8 8 8 8 5 5 5 5 5 10 10 ]
l = [ 6 6 6 9 9 9 9 8 8 8 8 8 8 5 5 5 5 5 10 10 ]
Pmin = [ 59 59 59 90 90 90 90 83 83 83 83 83 83 55 55 55 55 55 100 100 ]
Pmax = [ 59 59 59 90 90 90 90 83 83 83 83 83 83 55 55 55 55 55 100 100 ]
cf = [ 52.1861 52.1861 52.1861 34.9562 34.9562 34.9562 34.9562 41.8197 41.8197 41.8197 64.4743 64.4743 64.4743 63.0509 63.0509 63.0509 63.0509 63.0509 22.8107 22.8107 ]
c0 = [ 169 169 169 233 233 233 233 231 231 231 210 210 210 157 157 157 157 157 250 250 ]
cp = [ 21.899 21.899 21.899 11.334 11.334 11.334 11.334 20.0468 20.0468 20.0468 14.2829 14.2829 14.2829 28.6318 28.6318 28.6318 28.6318 28.6318 9.18983 9.18983 ]
D = [ 284 395 478 512 586 697 783 841 898 1005 1062 1141 1196 1096 1041 896 794 691 867 998 1165 958 746 525 ]
K = 6
nk = [ 1 1 1 2 2 2 2 3 3 3 4 4 4 5 5 5 5 5 6 6 ]
First = [ 1 0 0 1 0 0 0 1 0 0 1 0 0 1 0 0 0 0 1 0 ]
Last = [ 0 0 1 0 0 0 1 0 0 1 0 0 1 0 0 0 0 1 0 1 ]
nS = 6
S = [ 1 0 0 1 0 0 0 1 0 0 1 0 0 1 0 0 0 0 1 0 ]
