n = 20 ; 
T = 24 ; 
Init = [ 0 0 0 0 0 0 0 0 1 1 1 1 0 0 0 0 0 0 1 1 ]
L = [ 3 3 3 3 9 9 9 9 10 10 10 10 9 9 6 6 6 6 3 3 ]
l = [ 3 3 3 3 9 9 9 9 10 10 10 10 9 9 6 6 6 6 3 3 ]
Pmin = [ 32 32 32 32 96 96 96 96 100 100 100 100 100 100 53 53 53 53 33 33 ]
Pmax = [ 32 32 32 32 96 96 96 96 100 100 100 100 100 100 53 53 53 53 33 33 ]
cf = [ 41.6654 41.6654 41.6654 41.6654 39.5276 39.5276 39.5276 39.5276 23.7984 23.7984 23.7984 23.7984 50.9417 50.9417 49.2425 49.2425 49.2425 49.2425 15.0658 15.0658 ]
c0 = [ 107 107 107 107 250 250 250 250 250 250 250 250 250 250 149 149 149 149 105 105 ]
cp = [ 29.0812 29.0812 29.0812 29.0812 9.81562 9.81562 9.81562 9.81562 9.05231 9.05231 9.05231 9.05231 10.2165 10.2165 22.0425 22.0425 22.0425 22.0425 36.6245 36.6245 ]
D = [ 345 419 502 534 634 709 773 815 876 964 1060 1091 1167 1080 1004 905 787 690 779 899 995 810 635 512 ]
K = 6
nk = [ 1 1 1 1 2 2 2 2 3 3 3 3 4 4 5 5 5 5 6 6 ]
First = [ 1 0 0 0 1 0 0 0 1 0 0 0 1 0 1 0 0 0 1 0 ]
Last = [ 0 0 0 1 0 0 0 1 0 0 0 1 0 1 0 0 0 1 0 1 ]
nS = 6
S = [ 1 0 0 0 1 0 0 0 1 0 0 0 1 0 1 0 0 0 1 0 ]
