n = 20 ; 
T = 24 ; 
Init = [ 0 0 0 0 0 1 1 1 1 1 1 0 0 0 0 0 0 0 0 0 ]
L = [ 9 9 9 9 9 9 9 4 4 4 4 5 5 5 5 4 4 4 7 8 ]
l = [ 9 9 9 9 9 9 9 4 4 4 4 5 5 5 5 4 4 4 7 8 ]
Pmin = [ 100 100 100 100 100 99 99 53 53 53 53 55 55 55 55 45 45 45 74 89 ]
Pmax = [ 100 100 100 100 100 99 99 53 53 53 53 55 55 55 55 45 45 45 74 89 ]
cf = [ 38.517 38.517 38.517 38.517 38.517 20.019 20.019 30.8563 30.8563 30.8563 30.8563 22.2434 22.2434 22.2434 22.2434 8.01272 8.01272 8.01272 46.5892 68.5141 ]
c0 = [ 250 250 250 250 250 249 249 143 143 143 143 161 161 161 161 121 121 121 200 239 ]
cp = [ 11.2865 11.2865 11.2865 11.2865 11.2865 14.3165 14.3165 34.7001 34.7001 34.7001 34.7001 25.4793 25.4793 25.4793 25.4793 37.5706 37.5706 37.5706 21.295 12.443 ]
D = [ 357 436 464 543 623 725 800 864 976 1042 1093 1183 1270 1168 1070 942 831 732 821 972 1053 886 670 512 ]
K = 7
nk = [ 1 1 1 1 1 2 2 3 3 3 3 4 4 4 4 5 5 5 6 7 ]
First = [ 1 0 0 0 0 1 0 1 0 0 0 1 0 0 0 1 0 0 1 1 ]
Last = [ 0 0 0 0 1 0 1 0 0 0 1 0 0 0 1 0 0 1 1 1 ]
nS = 7
S = [ 1 0 0 0 0 1 0 1 0 0 0 1 0 0 0 1 0 0 1 1 ]
