n = 20 ; 
T = 24 ; 
Init = [ 0 0 0 0 0 0 1 1 1 1 1 1 1 1 1 1 1 1 1 1 ]
L = [ 5 5 7 7 7 7 4 4 4 4 4 4 4 4 4 4 10 10 10 10 ]
l = [ 5 5 7 7 7 7 4 4 4 4 4 4 4 4 4 4 10 10 10 10 ]
Pmin = [ 61 61 85 85 85 85 45 45 45 45 45 45 45 45 45 45 99 99 99 99 ]
Pmax = [ 61 61 85 85 85 85 45 45 45 45 45 45 45 45 45 45 99 99 99 99 ]
cf = [ 7.60376 7.60376 66.015 66.015 66.015 66.015 60.0412 60.0412 60.0412 60.0412 60.0412 60.0412 60.0412 60.0412 60.0412 60.0412 7.13035 7.13035 7.13035 7.13035 ]
c0 = [ 164 164 224 224 224 224 135 135 135 135 135 135 135 135 135 135 248 248 248 248 ]
cp = [ 27.8239 27.8239 21.8374 21.8374 21.8374 21.8374 33.5739 33.5739 33.5739 33.5739 33.5739 33.5739 33.5739 33.5739 33.5739 33.5739 8.06175 8.06175 8.06175 8.06175 ]
D = [ 347 426 457 517 618 677 691 788 843 865 933 1011 1072 953 879 806 712 620 747 825 968 808 628 468 ]
K = 4
nk = [ 1 1 2 2 2 2 3 3 3 3 3 3 3 3 3 3 4 4 4 4 ]
First = [ 1 0 1 0 0 0 1 0 0 0 0 0 0 0 0 0 1 0 0 0 ]
Last = [ 0 1 0 0 0 1 0 0 0 0 0 0 0 0 0 1 0 0 0 1 ]
nS = 4
S = [ 1 0 1 0 0 0 1 0 0 0 0 0 0 0 0 0 1 0 0 0 ]
