n = 20 ; 
T = 24 ; 
Init = [ 1 1 0 1 1 0 0 0 0 1 1 1 1 1 1 0 0 0 0 0 ]
L = [ 6 6 8 10 10 6 6 6 6 5 5 6 6 6 8 9 9 9 6 6 ]
l = [ 6 6 8 10 10 6 6 6 6 5 5 6 6 6 8 9 9 9 6 6 ]
Pmin = [ 64 64 92 100 100 61 61 61 61 54 54 62 62 62 84 100 100 100 69 69 ]
Pmax = [ 64 64 92 100 100 61 61 61 61 54 54 62 62 62 84 100 100 100 69 69 ]
cf = [ 51.0543 51.0543 32.7571 32.5239 32.5239 31.1765 31.1765 31.1765 31.1765 44.8533 44.8533 48.0176 48.0176 48.0176 28.6931 10.8942 10.8942 10.8942 28.3688 28.3688 ]
c0 = [ 177 177 232 250 250 165 165 165 165 153 153 170 170 170 217 250 250 250 184 184 ]
cp = [ 25.9512 25.9512 12.9026 8.35641 8.35641 20.499 20.499 20.499 20.499 31.6279 31.6279 29.0355 29.0355 29.0355 11.3142 11.7674 11.7674 11.7674 15.8074 15.8074 ]
D = [ 313 366 486 547 651 714 771 858 980 1035 1135 1201 1298 1188 1078 938 820 735 807 963 1081 886 755 572 ]
K = 9
nk = [ 1 1 2 3 3 4 4 4 4 5 5 6 6 6 7 8 8 8 9 9 ]
First = [ 1 0 1 1 0 1 0 0 0 1 0 1 0 0 1 1 0 0 1 0 ]
Last = [ 0 1 1 0 1 0 0 0 1 0 1 0 0 1 1 0 0 1 0 1 ]
nS = 9
S = [ 1 0 1 1 0 1 0 0 0 1 0 1 0 0 1 1 0 0 1 0 ]
