n = 20 ; 
T = 24 ; 
Init = [ 1 1 1 1 1 1 1 1 1 1 1 1 1 1 1 1 1 1 0 0 ]
L = [ 4 4 4 4 4 4 4 4 5 5 5 5 5 5 5 5 5 2 9 9 ]
l = [ 4 4 4 4 4 4 4 4 5 5 5 5 5 5 5 5 5 2 9 9 ]
Pmin = [ 36 36 36 36 36 36 36 36 63 63 63 63 63 63 63 63 63 16 100 100 ]
Pmax = [ 36 36 36 36 36 36 36 36 63 63 63 63 63 63 63 63 63 16 100 100 ]
cf = [ 13.6271 13.6271 13.6271 13.6271 13.6271 13.6271 13.6271 13.6271 37.8736 37.8736 37.8736 37.8736 37.8736 37.8736 37.8736 37.8736 37.8736 27.8288 35.9195 35.9195 ]
c0 = [ 103 103 103 103 103 103 103 103 170 170 170 170 170 170 170 170 170 59 250 250 ]
cp = [ 29.5423 29.5423 29.5423 29.5423 29.5423 29.5423 29.5423 29.5423 29.9398 29.9398 29.9398 29.9398 29.9398 29.9398 29.9398 29.9398 29.9398 39.9333 9.21689 9.21689 ]
D = [ 340 387 398 462 525 575 613 649 693 778 813 858 915 850 770 711 637 532 642 719 828 705 578 422 ]
K = 4
nk = [ 1 1 1 1 1 1 1 1 2 2 2 2 2 2 2 2 2 3 4 4 ]
First = [ 1 0 0 0 0 0 0 0 1 0 0 0 0 0 0 0 0 1 1 0 ]
Last = [ 0 0 0 0 0 0 0 1 0 0 0 0 0 0 0 0 1 1 0 1 ]
nS = 4
S = [ 1 0 0 0 0 0 0 0 1 0 0 0 0 0 0 0 0 1 1 0 ]
