n = 20 ; 
T = 24 ; 
Init = [ 0 0 0 0 0 0 0 0 0 1 1 1 1 1 1 1 1 1 1 1 ]
L = [ 3 3 3 5 5 5 5 5 5 5 5 10 10 10 3 3 3 3 3 3 ]
l = [ 3 3 3 5 5 5 5 5 5 5 5 10 10 10 3 3 3 3 3 3 ]
Pmin = [ 36 36 36 54 54 54 54 54 54 51 51 100 100 100 32 32 32 32 32 32 ]
Pmax = [ 36 36 36 54 54 54 54 54 54 51 51 100 100 100 32 32 32 32 32 32 ]
cf = [ 36.7963 36.7963 36.7963 18.3549 18.3549 18.3549 18.3549 18.3549 18.3549 24.7137 24.7137 12.6052 12.6052 12.6052 56.079 56.079 56.079 56.079 56.079 56.079 ]
c0 = [ 115 115 115 156 156 156 156 156 156 138 138 250 250 250 88 88 88 88 88 88 ]
cp = [ 35.2377 35.2377 35.2377 36.0192 36.0192 36.0192 36.0192 36.0192 36.0192 26.265 26.265 9.65459 9.65459 9.65459 30.4194 30.4194 30.4194 30.4194 30.4194 30.4194 ]
D = [ 323 347 390 464 496 545 596 656 709 752 800 888 934 828 734 671 565 480 563 644 729 615 458 341 ]
K = 5
nk = [ 1 1 1 2 2 2 2 2 2 3 3 4 4 4 5 5 5 5 5 5 ]
First = [ 1 0 0 1 0 0 0 0 0 1 0 1 0 0 1 0 0 0 0 0 ]
Last = [ 0 0 1 0 0 0 0 0 1 0 1 0 0 1 0 0 0 0 0 1 ]
nS = 5
S = [ 1 0 0 1 0 0 0 0 0 1 0 1 0 0 1 0 0 0 0 0 ]
