n = 20 ; 
T = 24 ; 
Init = [ 0 0 0 0 0 1 1 1 1 1 1 1 1 1 1 1 1 0 0 0 ]
L = [ 5 5 5 5 5 3 5 5 5 5 5 5 5 5 5 5 5 9 9 9 ]
l = [ 5 5 5 5 5 3 5 5 5 5 5 5 5 5 5 5 5 9 9 9 ]
Pmin = [ 53 53 53 53 53 25 48 48 48 48 48 56 56 56 56 56 56 95 95 95 ]
Pmax = [ 53 53 53 53 53 25 48 48 48 48 48 56 56 56 56 56 56 95 95 95 ]
cf = [ 39.2885 39.2885 39.2885 39.2885 39.2885 13.6797 8.87006 8.87006 8.87006 8.87006 8.87006 22.374 22.374 22.374 22.374 22.374 22.374 17.5135 17.5135 17.5135 ]
c0 = [ 139 139 139 139 139 89 139 139 139 139 139 164 164 164 164 164 164 243 243 243 ]
cp = [ 25.1038 25.1038 25.1038 25.1038 25.1038 37.999 36.0158 36.0158 36.0158 36.0158 36.0158 33.5109 33.5109 33.5109 33.5109 33.5109 33.5109 21.1519 21.1519 21.1519 ]
D = [ 314 353 406 475 530 617 666 702 786 799 878 944 994 902 805 725 649 580 690 819 938 751 600 468 ]
K = 5
nk = [ 1 1 1 1 1 2 3 3 3 3 3 4 4 4 4 4 4 5 5 5 ]
First = [ 1 0 0 0 0 1 1 0 0 0 0 1 0 0 0 0 0 1 0 0 ]
Last = [ 0 0 0 0 1 1 0 0 0 0 1 0 0 0 0 0 1 0 0 1 ]
nS = 5
S = [ 1 0 0 0 0 1 1 0 0 0 0 1 0 0 0 0 0 1 0 0 ]
