n = 20 ; 
T = 24 ; 
Init = [ 0 0 0 0 0 0 1 1 1 1 1 1 1 1 1 1 1 1 1 1 ]
L = [ 5 9 9 9 9 9 4 2 9 9 9 9 9 9 10 10 10 10 10 10 ]
l = [ 5 9 9 9 9 9 4 2 9 9 9 9 9 9 10 10 10 10 10 10 ]
Pmin = [ 48 100 100 100 100 100 44 18 100 100 100 100 100 100 100 100 100 100 100 100 ]
Pmax = [ 48 100 100 100 100 100 44 18 100 100 100 100 100 100 100 100 100 100 100 100 ]
cf = [ 66.1086 23.5457 23.5457 23.5457 23.5457 23.5457 59.2079 30.9083 26.0447 26.0447 26.0447 26.0447 26.0447 26.0447 46.1195 46.1195 46.1195 46.1195 46.1195 46.1195 ]
c0 = [ 130 250 250 250 250 250 122 62 250 250 250 250 250 250 250 250 250 250 250 250 ]
cp = [ 24.4936 10.4727 10.4727 10.4727 10.4727 10.4727 34.0227 41.7201 10.8324 10.8324 10.8324 10.8324 10.8324 10.8324 8.30035 8.30035 8.30035 8.30035 8.30035 8.30035 ]
D = [ 508 586 657 718 873 909 1061 1094 1244 1290 1390 1490 1556 1451 1330 1168 1075 886 1044 1248 1371 1188 932 729 ]
K = 6
nk = [ 1 2 2 2 2 2 3 4 5 5 5 5 5 5 6 6 6 6 6 6 ]
First = [ 1 1 0 0 0 0 1 1 1 0 0 0 0 0 1 0 0 0 0 0 ]
Last = [ 1 0 0 0 0 1 1 1 0 0 0 0 0 1 0 0 0 0 0 1 ]
nS = 6
S = [ 1 1 0 0 0 0 1 1 1 0 0 0 0 0 1 0 0 0 0 0 ]
