n = 20 ; 
T = 24 ; 
Init = [ 1 1 0 0 0 0 0 0 0 1 1 1 1 1 1 1 1 1 1 1 ]
L = [ 7 7 10 10 10 10 10 10 10 8 8 8 8 8 9 9 9 9 9 9 ]
l = [ 7 7 10 10 10 10 10 10 10 8 8 8 8 8 9 9 9 9 9 9 ]
Pmin = [ 72 72 100 100 100 100 100 100 100 85 85 85 85 85 97 97 97 97 97 97 ]
Pmax = [ 72 72 100 100 100 100 100 100 100 85 85 85 85 85 97 97 97 97 97 97 ]
cf = [ 47.3292 47.3292 34.4425 34.4425 34.4425 34.4425 34.4425 34.4425 34.4425 29.1557 29.1557 29.1557 29.1557 29.1557 65.4457 65.4457 65.4457 65.4457 65.4457 65.4457 ]
c0 = [ 196 196 250 250 250 250 250 250 250 226 226 226 226 226 247 247 247 247 247 247 ]
cp = [ 20.4427 20.4427 8.40751 8.40751 8.40751 8.40751 8.40751 8.40751 8.40751 21.1459 21.1459 21.1459 21.1459 21.1459 17.7318 17.7318 17.7318 17.7318 17.7318 17.7318 ]
D = [ 415 547 612 695 793 914 1023 1105 1221 1298 1368 1464 1550 1432 1318 1191 1037 918 1072 1253 1385 1130 906 690 ]
K = 4
nk = [ 1 1 2 2 2 2 2 2 2 3 3 3 3 3 4 4 4 4 4 4 ]
First = [ 1 0 1 0 0 0 0 0 0 1 0 0 0 0 1 0 0 0 0 0 ]
Last = [ 0 1 0 0 0 0 0 0 1 0 0 0 0 1 0 0 0 0 0 1 ]
nS = 4
S = [ 1 0 1 0 0 0 0 0 0 1 0 0 0 0 1 0 0 0 0 0 ]
