n = 20 ; 
T = 24 ; 
Init = [ 1 1 1 1 0 0 0 1 1 1 0 0 0 0 1 1 0 0 0 0 ]
L = [ 5 5 5 5 3 3 2 6 6 6 9 9 9 9 2 2 5 8 8 8 ]
l = [ 5 5 5 5 3 3 2 6 6 6 9 9 9 9 2 2 5 8 8 8 ]
Pmin = [ 46 46 46 46 26 26 17 69 69 69 100 100 100 100 23 23 53 83 83 83 ]
Pmax = [ 46 46 46 46 26 26 17 69 69 69 100 100 100 100 23 23 53 83 83 83 ]
cf = [ 49.4293 49.4293 49.4293 49.4293 62.2832 62.2832 64.6016 15.0713 15.0713 15.0713 8.72086 8.72086 8.72086 8.72086 21.2841 21.2841 49.2002 42.6196 42.6196 42.6196 ]
c0 = [ 122 122 122 122 88 88 54 195 195 195 250 250 250 250 77 77 154 230 230 230 ]
cp = [ 35.8312 35.8312 35.8312 35.8312 40.3919 40.3919 41.5825 15.9628 15.9628 15.9628 8.80076 8.80076 8.80076 8.80076 40.9606 40.9606 16.2861 16.934 16.934 16.934 ]
D = [ 298 328 404 468 515 568 632 689 744 819 871 935 983 938 843 739 673 613 696 795 881 708 619 479 ]
K = 8
nk = [ 1 1 1 1 2 2 3 4 4 4 5 5 5 5 6 6 7 8 8 8 ]
First = [ 1 0 0 0 1 0 1 1 0 0 1 0 0 0 1 0 1 1 0 0 ]
Last = [ 0 0 0 1 0 1 1 0 0 1 0 0 0 1 0 1 1 0 0 1 ]
nS = 8
S = [ 1 0 0 0 1 0 1 1 0 0 1 0 0 0 1 0 1 1 0 0 ]
