n = 20 ; 
T = 24 ; 
Init = [ 1 1 1 0 0 1 1 1 1 0 0 0 1 1 1 1 0 0 0 0 ]
L = [ 6 6 6 6 6 7 7 7 7 10 10 10 7 7 7 8 2 2 2 8 ]
l = [ 6 6 6 6 6 7 7 7 7 10 10 10 7 7 7 8 2 2 2 8 ]
Pmin = [ 69 69 69 68 68 68 68 68 68 100 100 100 73 73 73 83 25 25 25 84 ]
Pmax = [ 69 69 69 68 68 68 68 68 68 100 100 100 73 73 73 83 25 25 25 84 ]
cf = [ 38.7973 38.7973 38.7973 30.2322 30.2322 65.418 65.418 65.418 65.418 13.5815 13.5815 13.5815 19.0318 19.0318 19.0318 12.7667 68.0483 68.0483 68.0483 50.1038 ]
c0 = [ 175 175 175 183 183 194 194 194 194 250 250 250 196 196 196 216 86 86 86 222 ]
cp = [ 21.0723 21.0723 21.0723 16.3703 16.3703 27.5238 27.5238 27.5238 27.5238 8.23606 8.23606 8.23606 25.3498 25.3498 25.3498 14.9458 38.2624 38.2624 38.2624 19.1408 ]
D = [ 363 453 485 599 628 684 770 846 878 974 1054 1081 1170 1071 992 900 782 684 822 926 1034 848 699 513 ]
K = 8
nk = [ 1 1 1 2 2 3 3 3 3 4 4 4 5 5 5 6 7 7 7 8 ]
First = [ 1 0 0 1 0 1 0 0 0 1 0 0 1 0 0 1 1 0 0 1 ]
Last = [ 0 0 1 0 1 0 0 0 1 0 0 1 0 0 1 1 0 0 1 1 ]
nS = 8
S = [ 1 0 0 1 0 1 0 0 0 1 0 0 1 0 0 1 1 0 0 1 ]
