n = 20 ; 
T = 24 ; 
Init = [ 0 0 0 0 0 1 0 0 0 0 0 1 1 1 1 1 1 1 1 0 ]
L = [ 10 10 10 10 10 3 9 9 9 9 9 7 7 5 5 5 5 5 5 3 ]
l = [ 10 10 10 10 10 3 9 9 9 9 9 7 7 5 5 5 5 5 5 3 ]
Pmin = [ 100 100 100 100 100 24 100 100 100 100 100 74 74 56 56 56 56 56 56 27 ]
Pmax = [ 100 100 100 100 100 24 100 100 100 100 100 74 74 56 56 56 56 56 56 27 ]
cf = [ 52.0389 52.0389 52.0389 52.0389 52.0389 59.7487 12.4457 12.4457 12.4457 12.4457 12.4457 18.9073 18.9073 8.98462 8.98462 8.98462 8.98462 8.98462 8.98462 47.297 ]
c0 = [ 250 250 250 250 250 76 250 250 250 250 250 202 202 146 146 146 146 146 146 80 ]
cp = [ 10.3342 10.3342 10.3342 10.3342 10.3342 39.9953 16.1054 16.1054 16.1054 16.1054 16.1054 22.7177 22.7177 19.3769 19.3769 19.3769 19.3769 19.3769 19.3769 39.2315 ]
D = [ 417 507 568 651 709 809 871 999 1053 1121 1239 1269 1381 1250 1144 1014 848 749 890 1047 1241 1027 803 595 ]
K = 6
nk = [ 1 1 1 1 1 2 3 3 3 3 3 4 4 5 5 5 5 5 5 6 ]
First = [ 1 0 0 0 0 1 1 0 0 0 0 1 0 1 0 0 0 0 0 1 ]
Last = [ 0 0 0 0 1 1 0 0 0 0 1 0 1 0 0 0 0 0 1 1 ]
nS = 6
S = [ 1 0 0 0 0 1 1 0 0 0 0 1 0 1 0 0 0 0 0 1 ]
