n = 20 ; 
T = 24 ; 
Init = [ 1 1 1 1 0 0 0 0 0 0 0 0 1 1 1 1 1 1 1 0 ]
L = [ 7 4 4 4 4 4 4 4 4 9 9 9 4 4 8 2 2 2 2 7 ]
l = [ 7 4 4 4 4 4 4 4 4 9 9 9 4 4 8 2 2 2 2 7 ]
Pmin = [ 77 50 50 50 39 41 41 41 41 98 98 98 36 36 80 25 25 25 25 74 ]
Pmax = [ 77 50 50 50 39 41 41 41 41 98 98 98 36 36 80 25 25 25 25 74 ]
cf = [ 37.382 32.5659 32.5659 32.5659 10.2008 10.6306 10.6306 10.6306 10.6306 17.5019 17.5019 17.5019 8.01178 8.01178 8.19404 13.8414 13.8414 13.8414 13.8414 51.1648 ]
c0 = [ 207 134 134 134 110 123 123 123 123 247 247 247 96 96 223 86 86 86 86 209 ]
cp = [ 21.3784 38.1997 38.1997 38.1997 25.3885 35.4311 35.4311 35.4311 35.4311 10.3076 10.3076 10.3076 38.3152 38.3152 14.0359 37.2722 37.2722 37.2722 37.2722 16.8386 ]
D = [ 307 343 404 428 507 545 584 617 682 721 759 818 857 786 716 652 569 524 616 687 802 690 574 425 ]
K = 9
nk = [ 1 2 2 2 3 4 4 4 4 5 5 5 6 6 7 8 8 8 8 9 ]
First = [ 1 1 0 0 1 1 0 0 0 1 0 0 1 0 1 1 0 0 0 1 ]
Last = [ 1 0 0 1 1 0 0 0 1 0 0 1 0 1 1 0 0 0 1 1 ]
nS = 9
S = [ 1 1 0 0 1 1 0 0 0 1 0 0 1 0 1 1 0 0 0 1 ]
