n = 20 ; 
T = 24 ; 
Init = [ 0 0 0 0 0 0 0 0 1 1 1 1 1 1 1 1 1 0 0 0 ]
L = [ 8 8 8 10 10 10 10 10 3 3 3 3 3 3 3 9 9 6 6 6 ]
l = [ 8 8 8 10 10 10 10 10 3 3 3 3 3 3 3 9 9 6 6 6 ]
Pmin = [ 92 92 92 100 100 100 100 100 22 22 22 22 22 22 22 100 100 62 62 62 ]
Pmax = [ 92 92 92 100 100 100 100 100 22 22 22 22 22 22 22 100 100 62 62 62 ]
cf = [ 40.5776 40.5776 40.5776 31.5964 31.5964 31.5964 31.5964 31.5964 22.9238 22.9238 22.9238 22.9238 22.9238 22.9238 22.9238 58.0174 58.0174 18.2672 18.2672 18.2672 ]
c0 = [ 232 232 232 250 250 250 250 250 82 82 82 82 82 82 82 250 250 166 166 166 ]
cp = [ 10.9906 10.9906 10.9906 8.12434 8.12434 8.12434 8.12434 8.12434 34.5236 34.5236 34.5236 34.5236 34.5236 34.5236 34.5236 12.0952 12.0952 21.7553 21.7553 21.7553 ]
D = [ 347 422 507 566 632 680 742 853 895 986 1011 1101 1186 1060 940 873 771 668 760 901 981 818 696 535 ]
K = 5
nk = [ 1 1 1 2 2 2 2 2 3 3 3 3 3 3 3 4 4 5 5 5 ]
First = [ 1 0 0 1 0 0 0 0 1 0 0 0 0 0 0 1 0 1 0 0 ]
Last = [ 0 0 1 0 0 0 0 1 0 0 0 0 0 0 1 0 1 0 0 1 ]
nS = 5
S = [ 1 0 0 1 0 0 0 0 1 0 0 0 0 0 0 1 0 1 0 0 ]
