n = 20 ; 
T = 48 ; 
Init = [ 1 1 1 1 1 0 0 1 1 1 1 0 0 0 0 0 0 0 0 0 ]
L = [ 7 7 7 7 6 3 3 6 9 9 9 10 10 10 10 10 6 6 9 9 ]
l = [ 7 7 7 7 6 3 3 6 9 9 9 10 10 10 10 10 6 6 9 9 ]
Pmin = [ 71 71 71 71 64 39 39 67 99 99 99 100 100 100 100 100 66 66 99 99 ]
Pmax = [ 71 71 71 71 64 39 39 67 99 99 99 100 100 100 100 100 66 66 99 99 ]
cf = [ 68.134 68.134 68.134 68.134 21.5991 16.2274 16.2274 55.9353 62.503 62.503 62.503 56.1649 56.1649 56.1649 56.1649 56.1649 50.947 50.947 29.3669 29.3669 ]
c0 = [ 196 196 196 196 170 115 115 175 250 250 250 250 250 250 250 250 178 178 250 250 ]
cp = [ 22.3942 22.3942 22.3942 22.3942 21.1485 37.085 37.085 26.8706 9.8297 9.8297 9.8297 9.86085 9.86085 9.86085 9.86085 9.86085 18.0101 18.0101 18.286 18.286 ]
D = [ 511 528 605 699 761 830 909 987 1051 1106 1191 1248 1363 1242 1102 1007 871 754 930 1044 1189 1015 802 660 424 526 573 645 753 824 886 929 1007 1078 1178 1241 1326 1239 1107 1010 897 783 954 1063 1140 981 789 641 ]
K = 8
nk = [ 1 1 1 1 2 3 3 4 5 5 5 6 6 6 6 6 7 7 8 8 ]
First = [ 1 0 0 0 1 1 0 1 1 0 0 1 0 0 0 0 1 0 1 0 ]
Last = [ 0 0 0 1 1 0 1 1 0 0 1 0 0 0 0 1 0 1 0 1 ]
nS = 8
S = [ 1 0 0 0 1 1 0 1 1 0 0 1 0 0 0 0 1 0 1 0 ]
