n = 20 ; 
T = 48 ; 
Init = [ 0 0 0 0 0 0 1 1 1 1 1 1 1 1 1 1 1 0 0 0 ]
L = [ 8 8 8 8 8 8 5 5 5 5 5 5 5 5 9 9 9 7 7 5 ]
l = [ 8 8 8 8 8 8 5 5 5 5 5 5 5 5 9 9 9 7 7 5 ]
Pmin = [ 88 88 88 88 88 88 53 53 53 53 53 53 53 53 100 100 100 76 76 43 ]
Pmax = [ 88 88 88 88 88 88 53 53 53 53 53 53 53 53 100 100 100 76 76 43 ]
cf = [ 24.4265 24.4265 24.4265 24.4265 24.4265 24.4265 59.049 59.049 59.049 59.049 59.049 59.049 59.049 59.049 63.6685 63.6685 63.6685 36.8346 36.8346 22.8954 ]
c0 = [ 232 232 232 232 232 232 142 142 142 142 142 142 142 142 250 250 250 207 207 120 ]
cp = [ 9.90737 9.90737 9.90737 9.90737 9.90737 9.90737 23.0533 23.0533 23.0533 23.0533 23.0533 23.0533 23.0533 23.0533 9.06202 9.06202 9.06202 18.0314 18.0314 27.1097 ]
D = [ 347 416 476 552 653 703 806 881 936 1014 1134 1190 1301 1196 1043 985 870 745 897 992 1078 914 769 555 379 472 564 594 667 756 866 909 1022 1069 1146 1199 1288 1202 1033 923 787 722 871 983 1167 953 750 543 ]
K = 5
nk = [ 1 1 1 1 1 1 2 2 2 2 2 2 2 2 3 3 3 4 4 5 ]
First = [ 1 0 0 0 0 0 1 0 0 0 0 0 0 0 1 0 0 1 0 1 ]
Last = [ 0 0 0 0 0 1 0 0 0 0 0 0 0 1 0 0 1 0 1 1 ]
nS = 5
S = [ 1 0 0 0 0 0 1 0 0 0 0 0 0 0 1 0 0 1 0 1 ]
