n = 20 ; 
T = 48 ; 
Init = [ 0 0 0 0 0 0 0 0 0 0 0 0 0 0 0 0 0 0 0 0 ]
L = [ 5 5 5 5 5 5 5 5 5 4 4 4 4 4 4 4 4 4 4 4 ]
l = [ 5 5 5 5 5 5 5 5 5 4 4 4 4 4 4 4 4 4 4 4 ]
Pmin = [ 58 58 58 58 58 58 58 58 58 43 43 43 43 43 43 43 47 47 47 47 ]
Pmax = [ 58 58 58 58 58 58 58 58 58 43 43 43 43 43 43 43 47 47 47 47 ]
cf = [ 27.1433 27.1433 27.1433 27.1433 27.1433 27.1433 27.1433 27.1433 27.1433 8.55442 8.55442 8.55442 8.55442 8.55442 8.55442 8.55442 48.8399 48.8399 48.8399 48.8399 ]
c0 = [ 154 154 154 154 154 154 154 154 154 130 130 130 130 130 130 130 140 140 140 140 ]
cp = [ 32.9656 32.9656 32.9656 32.9656 32.9656 32.9656 32.9656 32.9656 32.9656 32.176 32.176 32.176 32.176 32.176 32.176 32.176 35.5651 35.5651 35.5651 35.5651 ]
D = [ 224 266 300 351 423 457 516 576 636 673 714 783 822 747 685 636 556 476 571 701 809 659 515 417 254 310 347 421 461 498 553 616 661 685 758 790 845 779 723 655 595 518 579 649 744 607 497 393 ]
K = 3
nk = [ 1 1 1 1 1 1 1 1 1 2 2 2 2 2 2 2 3 3 3 3 ]
First = [ 1 0 0 0 0 0 0 0 0 1 0 0 0 0 0 0 1 0 0 0 ]
Last = [ 0 0 0 0 0 0 0 0 1 0 0 0 0 0 0 1 0 0 0 1 ]
nS = 3
S = [ 1 0 0 0 0 0 0 0 0 1 0 0 0 0 0 0 1 0 0 0 ]
