n = 20 ; 
T = 48 ; 
Init = [ 0 0 0 0 0 0 1 1 1 1 0 0 0 0 0 0 0 0 0 1 ]
L = [ 10 10 10 10 10 10 8 8 8 8 9 9 9 9 9 9 9 9 7 2 ]
l = [ 10 10 10 10 10 10 8 8 8 8 9 9 9 9 9 9 9 9 7 2 ]
Pmin = [ 100 100 100 100 100 100 84 84 84 84 100 100 100 100 100 100 100 100 76 15 ]
Pmax = [ 100 100 100 100 100 100 84 84 84 84 100 100 100 100 100 100 100 100 76 15 ]
cf = [ 15.9487 15.9487 15.9487 15.9487 15.9487 15.9487 30.9858 30.9858 30.9858 30.9858 27.7712 27.7712 27.7712 27.7712 27.7712 27.7712 27.7712 27.7712 33.9086 24.6432 ]
c0 = [ 250 250 250 250 250 250 219 219 219 219 250 250 250 250 250 250 250 250 205 47 ]
cp = [ 8.24314 8.24314 8.24314 8.24314 8.24314 8.24314 15.634 15.634 15.634 15.634 9.35764 9.35764 9.35764 9.35764 9.35764 9.35764 9.35764 9.35764 12.2173 40.1167 ]
D = [ 524 613 685 739 807 921 992 1078 1188 1265 1341 1421 1502 1369 1301 1157 1081 916 1088 1182 1393 1158 897 693 464 535 661 734 870 968 1029 1125 1213 1352 1404 1489 1622 1511 1360 1162 1092 907 1078 1140 1322 1116 845 687 ]
K = 5
nk = [ 1 1 1 1 1 1 2 2 2 2 3 3 3 3 3 3 3 3 4 5 ]
First = [ 1 0 0 0 0 0 1 0 0 0 1 0 0 0 0 0 0 0 1 1 ]
Last = [ 0 0 0 0 0 1 0 0 0 1 0 0 0 0 0 0 0 1 1 1 ]
nS = 5
S = [ 1 0 0 0 0 0 1 0 0 0 1 0 0 0 0 0 0 0 1 1 ]
