n = 20 ; 
T = 48 ; 
Init = [ 0 0 1 1 1 1 1 1 1 1 0 0 0 0 1 1 1 1 0 0 ]
L = [ 6 6 8 8 8 8 8 4 4 4 3 3 3 3 5 9 9 9 5 5 ]
l = [ 6 6 8 8 8 8 8 4 4 4 3 3 3 3 5 9 9 9 5 5 ]
Pmin = [ 63 63 74 74 74 74 74 30 30 30 31 31 31 31 58 96 96 96 61 61 ]
Pmax = [ 63 63 74 74 74 74 74 30 30 30 31 31 31 31 58 96 96 96 61 61 ]
cf = [ 60.129 60.129 30.7278 30.7278 30.7278 30.7278 30.7278 62.5363 62.5363 62.5363 7.84631 7.84631 7.84631 7.84631 17.3524 9.80896 9.80896 9.80896 8.68898 8.68898 ]
c0 = [ 175 175 195 195 195 195 195 104 104 104 98 98 98 98 156 250 250 250 174 174 ]
cp = [ 29.7983 29.7983 30.9247 30.9247 30.9247 30.9247 30.9247 38.3325 38.3325 38.3325 38.2671 38.2671 38.2671 38.2671 27.2473 14.7788 14.7788 14.7788 27.7445 27.7445 ]
D = [ 339 420 475 502 578 615 669 769 783 844 904 959 1019 968 834 788 668 591 674 798 909 758 576 475 314 367 433 497 547 630 664 740 819 849 928 962 1041 964 846 764 690 569 680 747 828 706 576 444 ]
K = 7
nk = [ 1 1 2 2 2 2 2 3 3 3 4 4 4 4 5 6 6 6 7 7 ]
First = [ 1 0 1 0 0 0 0 1 0 0 1 0 0 0 1 1 0 0 1 0 ]
Last = [ 0 1 0 0 0 0 1 0 0 1 0 0 0 1 1 0 0 1 0 1 ]
nS = 7
S = [ 1 0 1 0 0 0 0 1 0 0 1 0 0 0 1 1 0 0 1 0 ]
