n = 20 ; 
T = 48 ; 
Init = [ 0 0 0 0 0 0 0 0 0 0 0 0 0 1 1 1 0 0 0 0 ]
L = [ 3 7 7 7 7 7 7 7 2 2 10 10 10 4 4 4 3 3 3 3 ]
l = [ 3 7 7 7 7 7 7 7 2 2 10 10 10 4 4 4 3 3 3 3 ]
Pmin = [ 31 74 74 74 74 74 74 74 23 23 100 100 100 47 47 47 30 30 30 30 ]
Pmax = [ 31 74 74 74 74 74 74 74 23 23 100 100 100 47 47 47 30 30 30 30 ]
cf = [ 31.7272 8.35884 8.35884 8.35884 8.35884 8.35884 8.35884 8.35884 7.81774 7.81774 15.8552 15.8552 15.8552 69.6087 69.6087 69.6087 57.2368 57.2368 57.2368 57.2368 ]
c0 = [ 90 192 192 192 192 192 192 192 68 68 250 250 250 142 142 142 85 85 85 85 ]
cp = [ 31.6002 24.3713 24.3713 24.3713 24.3713 24.3713 24.3713 24.3713 34.9743 34.9743 8.89229 8.89229 8.89229 36.785 36.785 36.785 40.5459 40.5459 40.5459 40.5459 ]
D = [ 326 353 410 485 511 579 617 672 740 784 832 890 933 889 780 713 644 544 637 762 851 731 609 479 350 386 467 532 571 627 665 764 806 845 912 991 1024 942 857 726 662 544 653 706 812 683 555 404 ]
K = 6
nk = [ 1 2 2 2 2 2 2 2 3 3 4 4 4 5 5 5 6 6 6 6 ]
First = [ 1 1 0 0 0 0 0 0 1 0 1 0 0 1 0 0 1 0 0 0 ]
Last = [ 1 0 0 0 0 0 0 1 0 1 0 0 1 0 0 1 0 0 0 1 ]
nS = 6
S = [ 1 1 0 0 0 0 0 0 1 0 1 0 0 1 0 0 1 0 0 0 ]
