n = 20 ; 
T = 48 ; 
Init = [ 1 1 1 1 1 0 0 0 0 0 0 0 0 0 0 0 0 0 1 1 ]
L = [ 8 8 8 8 8 6 6 6 6 9 9 9 9 3 3 3 3 3 4 4 ]
l = [ 8 8 8 8 8 6 6 6 6 9 9 9 9 3 3 3 3 3 4 4 ]
Pmin = [ 87 87 87 87 87 57 57 57 57 100 100 100 100 27 27 27 27 27 47 47 ]
Pmax = [ 87 87 87 87 87 57 57 57 57 100 100 100 100 27 27 27 27 27 47 47 ]
cf = [ 11.3292 11.3292 11.3292 11.3292 11.3292 54.9465 54.9465 54.9465 54.9465 63.5604 63.5604 63.5604 63.5604 58.9226 58.9226 58.9226 58.9226 58.9226 45.9523 45.9523 ]
c0 = [ 229 229 229 229 229 156 156 156 156 250 250 250 250 84 84 84 84 84 140 140 ]
cp = [ 11.7641 11.7641 11.7641 11.7641 11.7641 24.4978 24.4978 24.4978 24.4978 9.12453 9.12453 9.12453 9.12453 33.5245 33.5245 33.5245 33.5245 33.5245 36.9405 36.9405 ]
D = [ 240 356 406 484 560 618 704 765 829 912 962 1076 1146 1035 922 852 776 679 761 834 894 782 639 453 289 377 449 481 547 624 712 763 855 879 974 1025 1078 1004 894 823 730 643 752 869 991 799 653 476 ]
K = 5
nk = [ 1 1 1 1 1 2 2 2 2 3 3 3 3 4 4 4 4 4 5 5 ]
First = [ 1 0 0 0 0 1 0 0 0 1 0 0 0 1 0 0 0 0 1 0 ]
Last = [ 0 0 0 0 1 0 0 0 1 0 0 0 1 0 0 0 0 1 0 1 ]
nS = 5
S = [ 1 0 0 0 0 1 0 0 0 1 0 0 0 1 0 0 0 0 1 0 ]
