n = 20 ; 
T = 48 ; 
Init = [ 1 0 0 0 0 0 0 0 0 0 1 1 1 1 1 1 1 1 1 1 ]
L = [ 4 10 10 10 10 10 9 9 9 9 5 9 9 9 9 9 5 5 5 5 ]
l = [ 4 10 10 10 10 10 9 9 9 9 5 9 9 9 9 9 5 5 5 5 ]
Pmin = [ 37 100 100 100 100 100 96 96 96 96 42 98 98 98 98 98 51 51 51 51 ]
Pmax = [ 37 100 100 100 100 100 96 96 96 96 42 98 98 98 98 98 51 51 51 51 ]
cf = [ 47.6391 34.0359 34.0359 34.0359 34.0359 34.0359 54.014 54.014 54.014 54.014 43.8533 50.8535 50.8535 50.8535 50.8535 50.8535 62.2587 62.2587 62.2587 62.2587 ]
c0 = [ 105 250 250 250 250 250 248 248 248 248 116 246 246 246 246 246 138 138 138 138 ]
cp = [ 28.8636 8.58742 8.58742 8.58742 8.58742 8.58742 12.5208 12.5208 12.5208 12.5208 26.7102 11.7684 11.7684 11.7684 11.7684 11.7684 25.1783 25.1783 25.1783 25.1783 ]
D = [ 419 492 584 621 692 795 893 949 1007 1094 1158 1228 1363 1206 1092 1011 888 794 963 1130 1315 1079 834 626 450 544 564 641 750 797 868 938 1073 1125 1176 1255 1361 1236 1138 1088 955 880 970 1138 1227 1053 841 639 ]
K = 6
nk = [ 1 2 2 2 2 2 3 3 3 3 4 5 5 5 5 5 6 6 6 6 ]
First = [ 1 1 0 0 0 0 1 0 0 0 1 1 0 0 0 0 1 0 0 0 ]
Last = [ 1 0 0 0 0 1 0 0 0 1 1 0 0 0 0 1 0 0 0 1 ]
nS = 6
S = [ 1 1 0 0 0 0 1 0 0 0 1 1 0 0 0 0 1 0 0 0 ]
