n = 20 ; 
T = 48 ; 
Init = [ 0 0 0 0 0 0 0 0 0 0 0 0 0 0 0 1 1 1 1 1 ]
L = [ 3 3 3 3 8 8 8 8 7 7 7 8 8 8 8 8 8 8 8 8 ]
l = [ 3 3 3 3 8 8 8 8 7 7 7 8 8 8 8 8 8 8 8 8 ]
Pmin = [ 27 27 27 27 83 83 83 83 72 72 72 88 88 88 88 92 92 92 92 92 ]
Pmax = [ 27 27 27 27 83 83 83 83 72 72 72 88 88 88 88 92 92 92 92 92 ]
cf = [ 7.58454 7.58454 7.58454 7.58454 15.7087 15.7087 15.7087 15.7087 35.4781 35.4781 35.4781 8.87666 8.87666 8.87666 8.87666 37.2524 37.2524 37.2524 37.2524 37.2524 ]
c0 = [ 85 85 85 85 213 213 213 213 186 186 186 229 229 229 229 244 244 244 244 244 ]
cp = [ 38.673 38.673 38.673 38.673 18.2007 18.2007 18.2007 18.2007 26.2042 26.2042 26.2042 12.466 12.466 12.466 12.466 16.7078 16.7078 16.7078 16.7078 16.7078 ]
D = [ 292 399 454 533 599 686 777 850 956 1022 1122 1162 1265 1148 1064 945 871 747 874 1026 1113 930 717 557 338 394 490 549 637 731 774 869 914 1008 1068 1158 1212 1123 1009 946 821 754 852 956 1010 872 733 550 ]
K = 5
nk = [ 1 1 1 1 2 2 2 2 3 3 3 4 4 4 4 5 5 5 5 5 ]
First = [ 1 0 0 0 1 0 0 0 1 0 0 1 0 0 0 1 0 0 0 0 ]
Last = [ 0 0 0 1 0 0 0 1 0 0 1 0 0 0 1 0 0 0 0 1 ]
nS = 5
S = [ 1 0 0 0 1 0 0 0 1 0 0 1 0 0 0 1 0 0 0 0 ]
