n = 20 ; 
T = 48 ; 
Init = [ 0 0 0 1 1 1 1 1 1 1 1 1 1 1 1 1 1 1 1 1 ]
L = [ 7 7 7 5 5 5 5 5 5 5 5 5 9 9 9 9 9 9 9 9 ]
l = [ 7 7 7 5 5 5 5 5 5 5 5 5 9 9 9 9 9 9 9 9 ]
Pmin = [ 74 74 74 50 50 50 50 50 50 50 50 50 100 100 100 100 100 100 100 100 ]
Pmax = [ 74 74 74 50 50 50 50 50 50 50 50 50 100 100 100 100 100 100 100 100 ]
cf = [ 62.7878 62.7878 62.7878 15.7586 15.7586 15.7586 15.7586 15.7586 15.7586 15.7586 15.7586 15.7586 22.6224 22.6224 22.6224 22.6224 22.6224 22.6224 22.6224 22.6224 ]
c0 = [ 196 196 196 150 150 150 150 150 150 150 150 150 250 250 250 250 250 250 250 250 ]
cp = [ 17.1295 17.1295 17.1295 35.2212 35.2212 35.2212 35.2212 35.2212 35.2212 35.2212 35.2212 35.2212 9.55314 9.55314 9.55314 9.55314 9.55314 9.55314 9.55314 9.55314 ]
D = [ 326 366 471 563 589 689 779 820 926 973 1053 1116 1235 1141 1030 949 833 744 882 1019 1126 976 739 570 397 415 516 558 665 725 778 852 928 1007 1054 1161 1246 1110 1032 943 847 720 852 1004 1189 994 790 624 ]
K = 3
nk = [ 1 1 1 2 2 2 2 2 2 2 2 2 3 3 3 3 3 3 3 3 ]
First = [ 1 0 0 1 0 0 0 0 0 0 0 0 1 0 0 0 0 0 0 0 ]
Last = [ 0 0 1 0 0 0 0 0 0 0 0 1 0 0 0 0 0 0 0 1 ]
nS = 3
S = [ 1 0 0 1 0 0 0 0 0 0 0 0 1 0 0 0 0 0 0 0 ]
