n = 20 ; 
T = 48 ; 
Init = [ 0 0 0 0 0 0 1 1 1 1 1 1 1 1 1 0 0 1 1 1 ]
L = [ 9 9 9 9 9 9 10 2 2 2 3 3 3 3 3 4 4 9 9 9 ]
l = [ 9 9 9 9 9 9 10 2 2 2 3 3 3 3 3 4 4 9 9 9 ]
Pmin = [ 94 94 94 94 94 94 100 25 25 25 35 35 35 35 35 36 36 95 95 95 ]
Pmax = [ 94 94 94 94 94 94 100 25 25 25 35 35 35 35 35 36 36 95 95 95 ]
cf = [ 8.89712 8.89712 8.89712 8.89712 8.89712 8.89712 29.4374 21.9357 21.9357 21.9357 10.2221 10.2221 10.2221 10.2221 10.2221 55.1843 55.1843 19.5192 19.5192 19.5192 ]
c0 = [ 238 238 238 238 238 238 250 89 89 89 101 101 101 101 101 110 110 250 250 250 ]
cp = [ 10.2699 10.2699 10.2699 10.2699 10.2699 10.2699 8.88462 40.6786 40.6786 40.6786 31.8283 31.8283 31.8283 31.8283 31.8283 37.6853 37.6853 13.1185 13.1185 13.1185 ]
D = [ 378 447 498 564 618 664 744 763 854 925 981 1043 1058 1002 924 822 741 668 750 857 929 765 619 480 354 410 461 523 570 628 684 769 796 863 928 967 1030 965 877 833 720 662 746 871 987 812 592 460 ]
K = 6
nk = [ 1 1 1 1 1 1 2 3 3 3 4 4 4 4 4 5 5 6 6 6 ]
First = [ 1 0 0 0 0 0 1 1 0 0 1 0 0 0 0 1 0 1 0 0 ]
Last = [ 0 0 0 0 0 1 1 0 0 1 0 0 0 0 1 0 1 0 0 1 ]
nS = 6
S = [ 1 0 0 0 0 0 1 1 0 0 1 0 0 0 0 1 0 1 0 0 ]
