n = 20 ; 
T = 48 ; 
Init = [ 1 0 1 1 1 1 1 1 0 1 1 1 1 1 0 0 0 0 0 0 ]
L = [ 2 8 5 5 9 9 6 6 7 2 2 5 5 5 3 3 3 3 3 3 ]
l = [ 2 8 5 5 9 9 6 6 7 2 2 5 5 5 3 3 3 3 3 3 ]
Pmin = [ 18 80 44 44 100 100 69 69 82 20 20 54 54 54 24 24 24 24 24 24 ]
Pmax = [ 18 80 44 44 100 100 69 69 82 20 20 54 54 54 24 24 24 24 24 24 ]
cf = [ 20.8824 9.63501 7.39865 7.39865 42.5826 42.5826 61.8778 61.8778 21.1983 61.6669 61.6669 24.5848 24.5848 24.5848 64.6287 64.6287 64.6287 64.6287 64.6287 64.6287 ]
c0 = [ 64 213 132 132 250 250 185 185 208 64 64 156 156 156 70 70 70 70 70 70 ]
cp = [ 40.4589 16.026 24.7192 24.7192 11.053 11.053 21.6503 21.6503 22.3283 40.5346 40.5346 20.8959 20.8959 20.8959 40.536 40.536 40.536 40.536 40.536 40.536 ]
D = [ 257 323 354 394 428 474 532 559 604 645 684 743 770 714 649 589 526 465 562 668 754 629 528 405 280 313 344 415 436 501 525 587 628 674 738 777 819 742 683 579 504 452 561 663 737 628 490 381 ]
K = 9
nk = [ 1 2 3 3 4 4 5 5 6 7 7 8 8 8 9 9 9 9 9 9 ]
First = [ 1 1 1 0 1 0 1 0 1 1 0 1 0 0 1 0 0 0 0 0 ]
Last = [ 1 1 0 1 0 1 0 1 1 0 1 0 0 1 0 0 0 0 0 1 ]
nS = 9
S = [ 1 1 1 0 1 0 1 0 1 1 0 1 0 0 1 0 0 0 0 0 ]
