n = 20 ; 
T = 48 ; 
Init = [ 1 1 1 1 1 1 1 1 1 1 1 1 0 0 0 0 0 0 0 0 ]
L = [ 6 6 6 3 3 3 3 3 3 3 10 10 10 10 10 10 10 10 10 10 ]
l = [ 6 6 6 3 3 3 3 3 3 3 10 10 10 10 10 10 10 10 10 10 ]
Pmin = [ 61 61 61 31 31 31 31 31 31 31 100 100 100 100 100 100 100 100 100 100 ]
Pmax = [ 61 61 61 31 31 31 31 31 31 31 100 100 100 100 100 100 100 100 100 100 ]
cf = [ 38.3456 38.3456 38.3456 64.9398 64.9398 64.9398 64.9398 64.9398 64.9398 64.9398 36.8751 36.8751 52.9828 52.9828 52.9828 52.9828 52.9828 52.9828 52.9828 52.9828 ]
c0 = [ 166 166 166 86 86 86 86 86 86 86 250 250 250 250 250 250 250 250 250 250 ]
cp = [ 15.4449 15.4449 15.4449 34.1242 34.1242 34.1242 34.1242 34.1242 34.1242 34.1242 8.45929 8.45929 11.8156 11.8156 11.8156 11.8156 11.8156 11.8156 11.8156 11.8156 ]
D = [ 429 472 524 589 667 749 826 872 985 1021 1097 1178 1263 1109 1014 918 793 687 812 899 1064 892 675 488 289 409 468 534 580 690 764 822 884 990 1035 1118 1175 1063 992 895 801 692 807 944 1059 872 674 480 ]
K = 4
nk = [ 1 1 1 2 2 2 2 2 2 2 3 3 4 4 4 4 4 4 4 4 ]
First = [ 1 0 0 1 0 0 0 0 0 0 1 0 1 0 0 0 0 0 0 0 ]
Last = [ 0 0 1 0 0 0 0 0 0 1 0 1 0 0 0 0 0 0 0 1 ]
nS = 4
S = [ 1 0 0 1 0 0 0 0 0 0 1 0 1 0 0 0 0 0 0 0 ]
