n = 20 ; 
T = 1 ; 
Init = [ 0 0 0 0 1 1 0 1 1 0 1 1 1 1 1 0 1 1 1 0 ]
L = [ 2 4 9 10 6 10 3 6 7 6 8 10 8 2 9 6 5 6 9 4 ]
l = [ 2 4 9 10 6 10 3 6 7 6 8 10 8 2 9 6 5 6 9 4 ]
Pmin = [ 14 40 100 100 64 100 38 57 70 64 86 100 88 24 100 61 47 68 100 46 ]
Pmax = [ 33 137 414 420 252 420 128 210 284 238 354 413 331 52 405 226 158 265 391 154 ]
cf = [ 44.0341 17.9782 12.8538 39.074 12.7256 45.2744 16.52 60.1712 7.14114 63.2428 47.4043 43.4159 25.125 56.7444 28.8098 16.9152 19.4386 47.4896 21.4815 41.0004 ]
c0 = [ 58 115 250 250 183 250 107 148 187 177 239 250 225 81 250 168 134 194 250 137 ]
cp = [ 41.3223 27.91 9.35703 8.6561 31.7523 12.8354 34.0647 24.4383 22.1941 16.5057 24.6292 11.5559 15.9928 40.7015 9.53593 22.9639 30.5229 27.1835 12.2838 25.0058 ]
D = [ 1471 ]
K = 21
nk = [ 0 0 0 0 0 0 0 0 0 0 0 0 0 0 0 0 0 0 0 0 ]
First = [ 1 1 1 1 1 1 1 1 1 1 1 1 1 1 1 1 1 1 1 1 ]
Last = [ 1 1 1 1 1 1 1 1 1 1 1 1 1 1 1 1 1 1 1 1 ]
nS = 7
S = [ 1 0 1 0 0 0 0 0 0 0 0 1 1 1 1 0 1 0 0 0 ]
