n = 20 ; 
T = 48 ; 
Init = [ 0 1 0 0 0 1 1 0 1 1 1 0 1 0 0 0 0 1 0 0 ]
L = [ 5 10 8 6 9 9 6 10 2 2 7 9 4 8 4 10 5 5 3 3 ]
l = [ 5 10 8 6 9 9 6 10 2 2 7 9 4 8 4 10 5 5 3 3 ]
Pmin = [ 59 100 86 62 100 100 65 100 19 27 78 100 42 93 44 100 52 50 22 27 ]
Pmax = [ 59 100 86 62 100 100 65 100 19 27 78 100 42 93 44 100 52 50 22 27 ]
cf = [ 39.0385 40.8058 44.847 41.2366 10.0004 39.8714 20.5371 20.6789 61.24 31.5808 22.2796 16.0731 52.227 64.0034 15.2677 58.1974 60.2175 62.8352 20.7467 11.8418 ]
c0 = [ 159 250 230 181 250 250 184 250 62 76 214 250 119 248 133 250 136 144 82 85 ]
cp = [ 33.3172 8.30936 13.2977 24.7966 18.2718 16.1493 22.6683 8.27656 41.816 39.9641 19.6386 9.85914 19.0115 8.86969 23.6455 8.69332 21.8369 25.4677 38.5463 41.6431 ]
D = [ 1269 339 344 931 10 500 1024 845 298 252 193 1009 1049 914 1073 415 1199 34 230 390 356 421 16 230 595 1094 24 445 57 126 339 0 465 683 931 475 1183 629 1320 155 882 187 1164 605 1101 911 1019 974 ]
K = 21
nk = [ -621480216 32629 -621480216 32629 0 0 0 0 0 0 0 0 0 0 0 0 0 0 0 0 ]
First = [ 1 1 1 1 1 1 1 1 1 1 1 1 1 1 1 1 1 1 1 1 ]
Last = [ 1 1 1 1 1 1 1 1 1 1 1 1 1 1 1 1 1 1 1 1 ]
nS = 2
S = [ 1 0 0 0 1 0 0 0 0 0 0 0 0 0 0 0 0 0 0 0 ]
