n = 20 ; 
T = 48 ; 
Init = [ 1 1 1 0 1 1 1 0 1 1 1 0 1 1 0 1 1 1 0 0 ]
L = [ 3 9 6 3 7 2 9 9 9 5 8 3 7 5 4 10 5 5 3 6 ]
l = [ 3 9 6 3 7 2 9 9 9 5 8 3 7 5 4 10 5 5 3 6 ]
Pmin = [ 23 92 61 31 77 22 100 98 89 54 86 30 69 53 33 100 55 56 36 73 ]
Pmax = [ 23 92 61 31 77 22 100 98 89 54 86 30 69 53 33 100 55 56 36 73 ]
cf = [ 25.6479 56.4782 54.5059 10.0717 46.848 9.03384 53.9184 32.992 50.4278 38.5513 23.0667 13.8949 17.9796 57.0416 49.8938 45.7851 42.158 33.5203 48.3703 45.9411 ]
c0 = [ 74 245 168 97 204 80 250 247 225 145 236 94 187 145 99 250 154 148 108 187 ]
cp = [ 36.6212 17.5275 25.0505 37.2405 20.3752 41.7117 10.1694 11.6779 21.8927 32.4765 14.4908 35.8077 30.4128 21.242 37.3601 8.03648 25.1821 28.0444 26.7424 20.1142 ]
D = [ 613 170 203 1065 717 161 494 887 837 617 16 571 312 76 116 352 998 627 1206 380 943 103 596 688 946 120 141 229 933 906 1106 308 1076 71 135 555 232 629 204 1069 8 220 403 320 296 519 672 56 ]
K = 21
nk = [ -621480328 32629 -621480328 32629 0 0 0 0 0 0 0 0 0 0 0 0 0 0 0 0 ]
First = [ 1 1 1 1 1 1 1 1 1 1 1 1 1 1 1 1 1 1 1 1 ]
Last = [ 1 1 1 1 1 1 1 1 1 1 1 1 1 1 1 1 1 1 1 1 ]
nS = 2
S = [ 1 0 0 0 0 0 0 0 0 0 0 0 0 0 0 0 1 0 0 0 ]
