n = 20 ; 
T = 48 ; 
Init = [ 1 1 0 1 1 0 1 1 1 1 0 0 1 1 1 0 0 0 1 1 ]
L = [ 8 8 9 10 8 4 7 4 10 5 7 8 10 7 4 2 4 9 6 6 ]
l = [ 8 8 9 10 8 4 7 4 10 5 7 8 10 7 4 2 4 9 6 6 ]
Pmin = [ 88 90 100 100 81 46 65 42 100 51 68 90 100 79 46 22 36 100 61 63 ]
Pmax = [ 88 90 100 100 81 46 65 42 100 51 68 90 100 79 46 22 36 100 61 63 ]
cf = [ 53.2278 54.4486 65.2332 64.7 29.7594 40.3227 31.7887 27.1521 16.3385 49.5901 51.5332 37.9878 9.17728 8.45086 27.5644 17.2856 25.9381 9.43536 27.8459 39.673 ]
c0 = [ 229 234 250 250 207 127 182 115 250 143 177 229 250 204 140 79 118 250 158 180 ]
cp = [ 18.3063 21.6852 12.0546 10.5948 25.1762 28.2523 14.992 26.0585 13.2136 29.0112 23.5316 19.9532 9.7411 21.8424 40.9441 41.1608 31.7857 14.0395 26.6257 21.8566 ]
D = [ 779 919 1222 1022 721 771 905 1201 828 645 821 476 537 701 992 1292 1263 20 76 800 1030 778 850 1063 1244 1083 64 1299 127 805 658 906 296 452 501 1017 1223 1406 790 623 622 184 1099 1159 885 662 1023 720 ]
K = 21
nk = [ -621480328 32629 -621480328 32629 0 0 0 0 0 0 0 0 0 0 0 0 0 0 0 0 ]
First = [ 1 1 1 1 1 1 1 1 1 1 1 1 1 1 1 1 1 1 1 1 ]
Last = [ 1 1 1 1 1 1 1 1 1 1 1 1 1 1 1 1 1 1 1 1 ]
nS = 2
S = [ 1 0 0 0 0 0 0 0 1 0 0 0 0 0 0 0 0 0 0 0 ]
