n = 20 ; 
T = 48 ; 
Init = [ 1 0 0 0 1 1 1 1 0 0 0 1 1 1 0 0 0 1 0 1 ]
L = [ 7 4 4 3 8 7 4 9 4 10 4 4 10 5 8 10 9 9 7 3 ]
l = [ 7 4 4 3 8 7 4 9 4 10 4 4 10 5 8 10 9 9 7 3 ]
Pmin = [ 85 42 41 25 87 78 34 90 47 100 32 34 100 55 81 100 100 97 79 25 ]
Pmax = [ 85 42 41 25 87 78 34 90 47 100 32 34 100 55 81 100 100 97 79 25 ]
cf = [ 18.461 35.0505 41.286 61.8936 23.0739 49.5366 23.9463 61.0034 38.1119 65.3602 63.4063 27.6548 58.4556 18.448 42.8276 64.8171 61.7857 38.5013 56.3251 10.3372 ]
c0 = [ 233 131 116 76 220 213 112 244 128 250 110 94 250 148 214 250 250 250 202 71 ]
cp = [ 22.9086 25.9626 33.5391 35.6438 15.7941 17.984 25.5515 22.1269 27.8828 13.0323 31.8117 34.7531 8.03938 33.3659 12.4196 9.60105 13.6593 16.1218 21.5836 38.3507 ]
D = [ 1031 215 165 51 788 1040 248 218 1194 314 460 455 1039 289 795 606 647 605 1264 549 466 368 305 708 1126 195 534 460 1238 604 397 937 820 562 988 275 271 1237 493 133 218 954 588 1257 1243 52 531 558 ]
K = 21
nk = [ -621480328 32629 -621480328 32629 0 0 0 0 0 0 0 0 0 0 0 0 0 0 0 0 ]
First = [ 1 1 1 1 1 1 1 1 1 1 1 1 1 1 1 1 1 1 1 1 ]
Last = [ 1 1 1 1 1 1 1 1 1 1 1 1 1 1 1 1 1 1 1 1 ]
nS = 2
S = [ 1 0 0 0 0 0 0 0 0 0 1 0 0 0 0 0 0 0 0 0 ]
