n = 20 ; 
T = 48 ; 
Init = [ 0 0 1 0 0 1 0 0 0 0 0 1 1 1 0 1 1 1 0 0 ]
L = [ 10 6 4 10 9 8 6 9 6 5 9 4 2 9 5 8 3 5 9 4 ]
l = [ 10 6 4 10 9 8 6 9 6 5 9 4 2 9 5 8 3 5 9 4 ]
Pmin = [ 100 69 48 100 96 96 56 91 63 56 99 44 27 100 52 76 23 52 98 43 ]
Pmax = [ 100 69 48 100 96 96 56 91 63 56 99 44 27 100 52 76 23 52 98 43 ]
cf = [ 59.6448 46.0087 13.2718 38.3701 8.29205 8.86769 38.5024 31.637 37.4177 59.3777 20.2895 52.1391 39.8556 21.6631 53.9553 52.7067 35.5433 17.4298 36.8849 21.1773 ]
c0 = [ 250 191 125 250 246 245 154 245 178 160 250 137 87 250 152 207 71 156 245 125 ]
cp = [ 13.4714 28.94 34.7038 8.42611 20.2911 9.49785 25.1986 16.4371 23.4549 36.7394 15.2933 38.4788 40.818 14.1903 22.5911 21.5263 37.6832 24.773 10.3239 32.6462 ]
D = [ 1224 279 518 163 14 56 455 1337 61 1128 1109 921 1267 412 949 1308 1106 103 589 872 396 196 207 720 1231 1215 1349 72 485 272 1262 320 552 392 483 566 448 938 514 508 677 234 40 555 645 989 474 362 ]
K = 21
nk = [ -621480328 32629 -621480328 32629 0 0 0 0 0 0 0 0 0 0 0 0 0 0 0 0 ]
First = [ 1 1 1 1 1 1 1 1 1 1 1 1 1 1 1 1 1 1 1 1 ]
Last = [ 1 1 1 1 1 1 1 1 1 1 1 1 1 1 1 1 1 1 1 1 ]
nS = 2
S = [ 1 0 0 0 0 0 0 0 0 0 0 0 0 0 0 1 0 0 0 0 ]
