n = 20 ; 
T = 48 ; 
Init = [ 1 1 0 1 1 1 1 1 0 1 0 1 0 0 1 0 1 1 1 0 ]
L = [ 3 6 5 3 9 7 10 6 9 5 7 4 9 5 5 10 9 4 5 10 ]
l = [ 3 6 5 3 9 7 10 6 9 5 7 4 9 5 5 10 9 4 5 10 ]
Pmin = [ 22 61 53 29 98 78 100 67 96 51 81 40 100 59 50 100 97 41 50 97 ]
Pmax = [ 22 61 53 29 98 78 100 67 96 51 81 40 100 59 50 100 97 41 50 97 ]
cf = [ 17.2565 43.5612 20.0181 10.6327 18.7176 52.4297 15.4421 32.4141 10.8325 30.2676 37.6467 55.3822 34.4243 31.908 38.4095 14.521 26.3814 7.03496 8.39924 63.2426 ]
c0 = [ 80 158 157 97 250 217 250 191 250 152 205 129 250 164 153 250 249 121 136 250 ]
cp = [ 40.0161 23.7054 27.4721 32.8304 10.6822 25.1049 11.2406 31.1719 14.626 26.0389 18.6489 35.4847 9.72338 22.6024 27.4805 9.053 12.7552 20.6554 28.3374 8.24305 ]
D = [ 85 1200 614 886 1192 1337 1176 565 379 623 788 1174 906 867 59 524 1051 611 608 187 1278 290 783 450 973 947 871 974 977 724 753 1062 555 1366 578 376 1333 384 942 342 1007 360 146 544 1227 205 1068 908 ]
K = 21
nk = [ -621480216 32629 -621480216 32629 0 0 0 0 0 0 0 0 0 0 0 0 0 0 0 0 ]
First = [ 1 1 1 1 1 1 1 1 1 1 1 1 1 1 1 1 1 1 1 1 ]
Last = [ 1 1 1 1 1 1 1 1 1 1 1 1 1 1 1 1 1 1 1 1 ]
nS = 2
S = [ 1 0 0 0 0 0 0 0 0 0 0 0 0 1 0 0 0 0 0 0 ]
