n = 20 ; 
T = 48 ; 
Init = [ 0 1 1 1 1 1 1 1 1 1 0 1 0 0 1 1 1 1 0 0 ]
L = [ 9 10 10 6 3 9 3 2 10 4 9 5 9 7 7 7 7 7 3 4 ]
l = [ 9 10 10 6 3 9 3 2 10 4 9 5 9 7 7 7 7 7 3 4 ]
Pmin = [ 100 100 100 65 28 90 37 20 100 46 98 47 99 67 70 80 81 70 32 34 ]
Pmax = [ 100 100 100 65 28 90 37 20 100 46 98 47 99 67 70 80 81 70 32 34 ]
cf = [ 35.5751 63.0746 10.3615 40.7237 27.0834 27.8023 35.3909 62.6477 37.4208 67.9492 63.2839 35.9939 32.93 35.2372 17.7955 16.0282 36.0432 47.9494 36.5641 58.1885 ]
c0 = [ 250 250 250 182 93 227 110 66 250 128 250 130 250 183 199 202 218 190 101 114 ]
cp = [ 22.069 9.4123 8.59542 21.5262 32.9951 11.2611 33.6643 41.2837 8.00461 32.5971 22.3452 35.2467 9.98921 25.3082 20.9172 26.8916 23.3196 28.5764 36.9287 31.9006 ]
D = [ 500 169 1001 1257 45 1045 739 733 507 652 1351 357 724 717 792 1175 1332 633 469 1288 487 1097 485 1099 1331 681 363 853 1321 108 837 456 277 474 349 322 155 1089 1054 662 376 1042 1019 1101 395 447 911 363 ]
K = 21
nk = [ -621480328 32629 -621480328 32629 0 0 0 0 0 0 0 0 0 0 0 0 0 0 0 0 ]
First = [ 1 1 1 1 1 1 1 1 1 1 1 1 1 1 1 1 1 1 1 1 ]
Last = [ 1 1 1 1 1 1 1 1 1 1 1 1 1 1 1 1 1 1 1 1 ]
nS = 2
S = [ 1 0 0 0 0 0 0 0 0 1 0 0 0 0 0 0 0 0 0 0 ]
