n = 20 ; 
T = 48 ; 
Init = [ 1 0 1 0 0 1 1 1 1 0 0 1 0 0 1 0 0 0 1 0 ]
L = [ 7 8 3 5 4 4 7 3 8 9 7 6 2 6 10 8 10 3 7 10 ]
l = [ 7 8 3 5 4 4 7 3 8 9 7 6 2 6 10 8 10 3 7 10 ]
Pmin = [ 76 86 31 51 37 47 71 32 91 96 74 62 22 66 98 91 100 30 76 100 ]
Pmax = [ 76 86 31 51 37 47 71 32 91 96 74 62 22 66 98 91 100 30 76 100 ]
cf = [ 69.1479 8.37209 48.2308 54.292 28.433 60.3369 27.7532 39.6912 40.7464 60.1522 42.5358 36.3071 45.5704 42.1265 64.8138 13.3414 47.7267 25.2064 11.6552 42.5995 ]
c0 = [ 214 233 107 143 110 125 189 108 249 245 198 173 66 186 250 235 250 96 203 250 ]
cp = [ 21.3702 21.2139 32.78 19.3863 30.4837 29.0008 16.8381 25.3553 28.7178 11.7813 18.2517 29.9582 40.8882 28.2687 10.767 17.6667 8.94402 37.0946 22.9723 8.69608 ]
D = [ 681 233 841 314 134 1291 1212 873 594 455 855 623 1330 522 1078 1125 962 435 504 753 1189 1126 235 597 1016 369 124 66 468 880 778 1149 1113 282 126 1247 236 1 783 830 456 301 116 450 823 1194 238 448 ]
K = 21
nk = [ -621480328 32629 -621480328 32629 0 0 0 0 0 0 0 0 0 0 0 0 0 0 0 0 ]
First = [ 1 1 1 1 1 1 1 1 1 1 1 1 1 1 1 1 1 1 1 1 ]
Last = [ 1 1 1 1 1 1 1 1 1 1 1 1 1 1 1 1 1 1 1 1 ]
nS = 2
S = [ 1 0 0 0 0 0 0 0 0 0 0 0 1 0 0 0 0 0 0 0 ]
