n = 20 ; 
T = 48 ; 
Init = [ 1 1 1 0 1 1 1 1 0 1 1 0 1 1 0 0 0 1 1 1 ]
L = [ 5 5 5 5 5 7 5 3 9 9 3 7 3 4 3 6 10 8 4 3 ]
l = [ 5 5 5 5 5 7 5 3 9 9 3 7 3 4 3 6 10 8 4 3 ]
Pmin = [ 46 40 46 52 49 84 48 35 94 96 32 84 25 51 27 66 100 85 35 28 ]
Pmax = [ 46 40 46 52 49 84 48 35 94 96 32 84 25 51 27 66 100 85 35 28 ]
cf = [ 14.5186 7.88418 26.1843 37.4374 7.58298 61.159 12.4083 57.713 35.0397 36.0056 17.6374 59.904 37.3649 35.9675 66.9326 24.2716 20.8524 51.6975 48.3637 11.4178 ]
c0 = [ 130 108 126 137 145 228 144 102 250 250 97 212 90 154 82 178 250 236 103 86 ]
cp = [ 30.6617 34.671 35.9167 34.3609 24.648 18.421 37.7518 32.4026 15.5197 15.3579 39.7631 12.3569 39.2382 26.1053 39.997 22.1215 8.1465 11.3636 32.7503 32.3505 ]
D = [ 97 110 591 1120 400 1027 825 376 314 49 510 329 391 1053 340 233 26 121 733 543 310 553 1085 827 498 270 1074 172 1007 29 856 1104 139 324 1101 540 228 804 916 541 852 303 870 120 233 87 353 260 ]
K = 21
nk = [ -621480328 32629 -621480328 32629 0 0 0 0 0 0 0 0 0 0 0 0 0 0 0 0 ]
First = [ 1 1 1 1 1 1 1 1 1 1 1 1 1 1 1 1 1 1 1 1 ]
Last = [ 1 1 1 1 1 1 1 1 1 1 1 1 1 1 1 1 1 1 1 1 ]
nS = 2
S = [ 1 0 0 0 0 0 0 1 0 0 0 0 0 0 0 0 0 0 0 0 ]
