n = 20 ; 
T = 48 ; 
Init = [ 1 0 1 1 0 0 1 1 1 1 0 0 0 0 1 0 0 0 1 1 ]
L = [ 3 6 5 9 5 8 9 9 4 2 8 8 6 10 10 2 9 4 8 5 ]
l = [ 3 6 5 9 5 8 9 9 4 2 8 8 6 10 10 2 9 4 8 5 ]
Pmin = [ 38 63 53 96 44 84 97 97 38 15 89 85 58 100 100 29 95 41 79 60 ]
Pmax = [ 38 63 53 96 44 84 97 97 38 15 89 85 58 100 100 29 95 41 79 60 ]
cf = [ 67.5781 23.9915 55.1279 24.5767 41.4921 33.1551 11.4972 63.512 61.7892 16.4248 57.0679 45.3246 29.0808 46.4477 32.2852 9.12741 25.0198 13.1806 28.2741 10.0614 ]
c0 = [ 117 166 155 250 131 226 250 249 118 49 228 227 156 250 250 88 250 121 215 164 ]
cp = [ 35.7078 14.9854 27.742 9.89302 27.6522 10.2945 11.8045 9.34588 31.3643 41.7216 15.9595 24.6762 26.876 8.20291 8.54961 40.3478 18.042 29.7137 24.2695 29.8848 ]
D = [ 737 879 630 1007 784 1096 667 175 704 1234 123 1071 912 502 455 116 599 315 1300 803 35 767 1280 888 1313 1326 1277 86 425 1343 347 1161 861 977 807 283 712 113 458 55 1347 581 1126 898 1083 220 1015 321 ]
K = 21
nk = [ 0 0 0 0 0 0 0 0 0 0 0 0 0 0 0 0 0 0 0 0 ]
First = [ 1 1 1 1 1 1 1 1 1 1 1 1 1 1 1 1 1 1 1 1 ]
Last = [ 1 1 1 1 1 1 1 1 1 1 1 1 1 1 1 1 1 1 1 1 ]
nS = 2
S = [ 1 0 0 0 0 0 0 0 0 0 0 0 1 0 0 0 0 0 0 0 ]
