n = 20 ; 
T = 48 ; 
Init = [ 0 0 1 1 1 1 1 1 0 0 0 1 1 0 0 0 0 0 1 0 ]
L = [ 7 3 5 4 5 9 5 5 8 8 6 8 4 3 9 4 5 8 2 4 ]
l = [ 7 3 5 4 5 9 5 5 8 8 6 8 4 3 9 4 5 8 2 4 ]
Pmin = [ 78 31 46 33 51 90 55 48 83 88 68 81 44 26 96 34 50 80 17 49 ]
Pmax = [ 78 31 46 33 51 90 55 48 83 88 68 81 44 26 96 34 50 80 17 49 ]
cf = [ 14.538 11.3557 17.9133 13.3898 59.7305 68.6799 44.1126 9.30877 9.59366 10.6854 36.8725 64.3863 39.6947 69.0727 35.2594 27.1334 42.4019 22.2282 41.5187 22.7339 ]
c0 = [ 217 95 133 102 150 240 161 132 225 239 178 214 122 80 250 110 139 219 73 145 ]
cp = [ 22.2275 34.7151 26.072 39.456 36.1591 15.6644 35.5866 33.5611 18.8043 22.8392 25.6034 25.1993 37.0407 38.9816 10.6929 34.7095 31.5725 14.741 40.2262 35.5538 ]
D = [ 822 733 363 67 527 167 559 219 159 237 356 238 436 473 51 412 1 93 459 68 638 357 664 621 872 1031 118 1 512 404 61 185 1137 424 253 516 590 812 735 749 1049 1091 987 337 416 1039 749 417 ]
K = 21
nk = [ -621480216 32629 -621480216 32629 0 0 0 0 0 0 0 0 0 0 0 0 0 0 0 0 ]
First = [ 1 1 1 1 1 1 1 1 1 1 1 1 1 1 1 1 1 1 1 1 ]
Last = [ 1 1 1 1 1 1 1 1 1 1 1 1 1 1 1 1 1 1 1 1 ]
nS = 2
S = [ 1 0 0 0 0 0 0 1 0 0 0 0 0 0 0 0 0 0 0 0 ]
