n = 20 ; 
T = 48 ; 
Init = [ 0 1 0 1 0 0 1 0 0 1 1 1 1 1 0 1 1 0 0 1 ]
L = [ 7 4 10 5 8 2 9 7 9 5 10 5 3 3 3 10 3 3 9 5 ]
l = [ 7 4 10 5 8 2 9 7 9 5 10 5 3 3 3 10 3 3 9 5 ]
Pmin = [ 70 45 100 55 92 14 92 75 100 46 100 50 37 27 24 100 30 30 94 51 ]
Pmax = [ 70 45 100 55 92 14 92 75 100 46 100 50 37 27 24 100 30 30 94 51 ]
cf = [ 57.9097 36.8129 53.756 56.5528 40.9226 32.5195 44.6004 53.3567 48.3361 13.4119 65.0179 31.6601 33.9424 28.6971 56.4895 51.7793 60.841 35.3519 32.1226 66.0971 ]
c0 = [ 195 125 250 151 238 57 246 206 250 123 250 142 119 77 71 250 90 91 238 140 ]
cp = [ 12.1692 34.052 8.11378 27.7822 17.64 39.6405 12.8419 17.1845 15.3422 32.2199 11.7925 34.0851 31.7659 39.9158 39.261 8.83811 39.3608 32.3251 13.1599 36.2832 ]
D = [ 26 524 405 177 705 50 619 1096 175 1005 860 758 687 597 190 1186 100 1096 762 226 999 13 752 191 980 396 12 303 887 1168 915 913 460 88 1091 1164 138 478 1028 313 251 656 1072 937 21 29 891 121 ]
K = 21
nk = [ -621480328 32629 -621480328 32629 0 0 0 0 0 0 0 0 0 0 0 0 0 0 0 0 ]
First = [ 1 1 1 1 1 1 1 1 1 1 1 1 1 1 1 1 1 1 1 1 ]
Last = [ 1 1 1 1 1 1 1 1 1 1 1 1 1 1 1 1 1 1 1 1 ]
nS = 2
S = [ 1 0 0 0 0 0 0 0 0 0 1 0 0 0 0 0 0 0 0 0 ]
