n = 20 ; 
T = 48 ; 
Init = [ 0 0 0 0 1 1 1 1 1 1 1 0 0 0 0 0 0 0 0 1 ]
L = [ 3 5 5 9 9 7 4 9 9 3 6 8 3 7 10 4 3 3 8 9 ]
l = [ 3 5 5 9 9 7 4 9 9 3 6 8 3 7 10 4 3 3 8 9 ]
Pmin = [ 31 45 57 89 98 81 44 92 99 32 61 90 29 82 100 44 26 26 85 88 ]
Pmax = [ 31 45 57 89 98 81 44 92 99 32 61 90 29 82 100 44 26 26 85 88 ]
cf = [ 67.7382 9.10626 58.7079 27.7889 35.4279 21.1563 57.5025 13.3606 17.9899 69.2477 24.3261 8.27728 47.4731 18.974 55.5318 17.8725 32.6966 65.5094 26.8842 68.2517 ]
c0 = [ 105 134 167 241 250 208 118 233 250 106 165 237 100 216 250 121 81 88 224 232 ]
cp = [ 36.8842 27.1284 22.0158 14.7141 11.29 14.3616 39.899 11.0852 10.9791 36.4926 34.9358 11.6615 37.5417 17.241 9 26.6317 38.4146 39.419 16.4227 12.498 ]
D = [ 982 622 888 187 731 1212 592 286 470 1283 239 513 1051 668 1100 43 410 1231 270 394 289 296 1229 536 1297 154 1066 1204 564 1030 912 247 352 501 434 1083 414 1027 70 884 1011 309 98 762 977 1198 806 87 ]
K = 21
nk = [ -621480328 32629 -621480328 32629 0 0 0 0 0 0 0 0 0 0 0 0 0 0 0 0 ]
First = [ 1 1 1 1 1 1 1 1 1 1 1 1 1 1 1 1 1 1 1 1 ]
Last = [ 1 1 1 1 1 1 1 1 1 1 1 1 1 1 1 1 1 1 1 1 ]
nS = 2
S = [ 1 0 0 0 0 0 1 0 0 0 0 0 0 0 0 0 0 0 0 0 ]
