n = 20 ; 
T = 48 ; 
Init = [ 1 1 0 0 0 1 1 1 1 1 1 0 1 1 0 1 1 0 1 0 ]
L = [ 3 4 3 5 7 5 4 10 5 5 5 5 2 5 10 3 4 9 10 6 ]
l = [ 3 4 3 5 7 5 4 10 5 5 5 5 2 5 10 3 4 9 10 6 ]
Pmin = [ 30 43 28 49 75 44 37 100 49 60 52 50 18 51 100 36 37 97 100 72 ]
Pmax = [ 30 43 28 49 75 44 37 100 49 60 52 50 18 51 100 36 37 97 100 72 ]
cf = [ 49.6005 60.9054 29.8333 20.5394 28.2563 57.4734 62.5198 11.1542 24.417 49.0084 58.5119 39.2471 44.2558 26.8749 56.0483 15.0737 58.7772 68.5414 63.7568 36.3589 ]
c0 = [ 87 133 89 135 201 128 103 250 142 158 148 139 74 140 250 108 116 250 250 205 ]
cp = [ 32.7242 39.1833 39.4262 27.1639 18.2487 33.0879 30.3016 12.7022 27.5089 31.9672 27.7576 29.5122 38.7429 37.9118 8.19182 37.2314 34.4502 14.0451 9.51301 33.7322 ]
D = [ 609 1008 1094 973 97 505 682 1057 708 623 691 546 1032 934 926 807 800 1001 1119 424 795 568 1091 23 319 108 950 293 1124 347 424 604 228 390 449 325 895 3 253 475 626 945 1021 529 751 819 208 423 ]
K = 21
nk = [ -621480216 32629 -621480216 32629 0 0 0 0 0 0 0 0 0 0 0 0 0 0 0 0 ]
First = [ 1 1 1 1 1 1 1 1 1 1 1 1 1 1 1 1 1 1 1 1 ]
Last = [ 1 1 1 1 1 1 1 1 1 1 1 1 1 1 1 1 1 1 1 1 ]
nS = 2
S = [ 1 0 0 0 0 0 0 0 0 0 0 0 0 0 0 0 1 0 0 0 ]
