n = 20 ; 
T = 24 ; 
Init = [ 1 0 1 0 0 1 1 0 1 0 1 0 0 1 0 0 0 0 1 1 ]
L = [ 4 9 7 3 9 3 8 10 7 6 2 2 9 9 3 6 8 5 7 2 ]
l = [ 4 9 7 3 9 3 8 10 7 6 2 2 9 9 3 6 8 5 7 2 ]
Pmin = [ 38 100 76 27 99 28 82 99 74 60 25 22 96 99 29 61 88 47 82 21 ]
Pmax = [ 118 396 308 92 399 97 314 414 303 243 73 65 378 378 95 239 338 171 323 58 ]
cf = [ 43.7745 53.8572 36.0118 18.4488 50.2761 62.1278 39.4476 38.083 27.9883 66.852 69.8801 55.0223 16.4163 35.2331 55.5789 40.7592 61.1763 8.84995 30.5205 46.0818 ]
c0 = [ 110 250 201 76 250 87 213 250 204 156 83 74 250 250 98 163 244 134 212 64 ]
cp = [ 40.3183 12.6558 20.6271 37.3898 11.9865 41.085 18.5939 11.787 24.7996 25.0796 35.7073 41.7605 14.0004 9.87686 33.2868 23.222 15.1328 18.7595 23.1931 38.8208 ]
D = [ 78 78 78 78 78 78 1941 1941 1941 1941 1941 1941 78 78 78 78 78 78 1941 1941 1941 1941 1941 1941 ]
K = 21
nk = [ -862181768 32606 -862181768 32606 0 0 0 0 0 0 0 0 0 0 0 0 0 0 0 0 ]
First = [ 1 1 1 1 1 1 1 1 1 1 1 1 1 1 1 1 1 1 1 1 ]
Last = [ 1 1 1 1 1 1 1 1 1 1 1 1 1 1 1 1 1 1 1 1 ]
nS = 2
S = [ 1 0 0 0 0 0 0 0 0 0 1 0 0 0 0 0 0 0 0 0 ]
