n = 20 ; 
T = 24 ; 
Init = [ 0 0 0 1 1 1 1 0 0 0 0 0 1 0 0 1 1 1 0 0 ]
L = [ 7 8 5 7 8 6 4 8 10 7 3 4 6 10 10 7 3 9 2 7 ]
l = [ 7 8 5 7 8 6 4 8 10 7 3 4 6 10 10 7 3 9 2 7 ]
Pmin = [ 72 95 55 76 82 69 36 78 100 70 25 41 67 100 100 74 37 100 24 73 ]
Pmax = [ 293 369 220 281 323 255 131 325 414 254 75 134 245 420 412 276 115 419 55 298 ]
cf = [ 15.1726 46.0071 27.9026 63.0202 57.939 25.0873 50.4736 41.3594 40.8402 39.9339 47.1653 68.3196 38.8723 62.5619 34.6079 56.5984 15.3033 12.5491 51.2143 15.371 ]
c0 = [ 193 250 148 202 213 182 112 218 250 178 75 112 186 250 250 192 102 250 71 199 ]
cp = [ 21.3708 19.5674 28.9273 21.334 14.5533 19.8528 38.2667 20.1911 10.4107 24.971 38.1936 36.9965 17.9544 9.31301 8.5307 25.1381 35.2975 9.61089 38.4564 15.6108 ]
D = [ 489 4928 1594 4205 1557 1473 4982 2477 2887 604 600 3577 3894 2363 2988 2877 3888 1341 461 1429 4119 3849 1287 1493 ]
K = 21
nk = [ 0 0 0 0 0 0 0 0 0 0 0 0 0 0 0 0 0 0 0 0 ]
First = [ 1 1 1 1 1 1 1 1 1 1 1 1 1 1 1 1 1 1 1 1 ]
Last = [ 1 1 1 1 1 1 1 1 1 1 1 1 1 1 1 1 1 1 1 1 ]
nS = 2
S = [ 1 0 0 0 0 0 0 0 0 0 1 0 0 0 0 0 0 0 0 0 ]
