n = 20 ; 
T = 24 ; 
Init = [ 0 0 1 0 0 1 0 1 0 0 0 0 0 0 1 1 0 0 0 0 ]
L = [ 8 4 6 8 5 5 4 9 7 6 4 6 8 2 7 4 10 10 7 6 ]
l = [ 8 4 6 8 5 5 4 9 7 6 4 6 8 2 7 4 10 10 7 6 ]
Pmin = [ 90 32 68 89 50 50 38 95 72 64 48 60 83 26 68 46 100 100 73 67 ]
Pmax = [ 343 111 251 333 183 203 123 387 293 229 161 240 334 60 260 154 420 420 284 241 ]
cf = [ 21.0929 34.7083 45.356 37.1825 33.8376 14.7324 24.9223 7.69542 15.6564 55.6795 63.4883 25.4429 8.52512 63.404 62.9348 53.4482 63.3235 27.5502 60.9569 57.576 ]
c0 = [ 229 92 196 236 145 153 111 240 204 178 136 170 228 80 188 129 250 250 200 181 ]
cp = [ 15.3673 39.5729 19.3523 15.3939 31.9972 20.2181 36.8372 17.1652 17.2315 29.3445 31.0265 27.4412 24.2146 39.0982 22.7754 24.5793 11.7388 10.292 22.9351 15.7958 ]
D = [ 398 398 398 398 398 398 1919 1919 1919 1919 1919 1919 398 398 398 398 398 398 1919 1919 1919 1919 1919 1919 ]
K = 21
nk = [ 0 0 0 0 0 0 0 0 0 0 0 0 0 0 0 0 0 0 0 0 ]
First = [ 1 1 1 1 1 1 1 1 1 1 1 1 1 1 1 1 1 1 1 1 ]
Last = [ 1 1 1 1 1 1 1 1 1 1 1 1 1 1 1 1 1 1 1 1 ]
nS = 2
S = [ 1 0 0 0 0 0 0 0 0 0 1 0 0 0 0 0 0 0 0 0 ]
