n = 20 ; 
T = 24 ; 
Init = [ 1 0 1 1 0 0 1 1 1 0 0 1 0 1 0 1 0 1 0 1 ]
L = [ 9 2 10 6 5 7 4 3 6 5 6 3 9 5 6 7 9 5 2 10 ]
l = [ 9 2 10 6 5 7 4 3 6 5 6 3 9 5 6 7 9 5 2 10 ]
Pmin = [ 100 21 100 67 52 77 43 26 65 51 70 37 100 63 59 78 100 47 20 100 ]
Pmax = [ 400 66 420 268 203 293 136 70 259 195 249 121 385 228 233 308 404 186 46 419 ]
cf = [ 11.5278 12.8791 54.7654 66.6042 63.6573 67.9963 28.5571 40.0382 13.485 69.8436 58.6093 18.4452 46.6534 59.9631 8.26992 13.4632 68.7218 37.521 68.0824 67.5618 ]
c0 = [ 250 76 250 190 145 197 124 92 187 153 181 113 250 170 172 207 250 142 61 250 ]
cp = [ 11.8918 33.6751 8.00044 16.3524 30.9407 14.4602 39.3439 37.6652 26.6564 26.7467 30.999 33.3535 12.5772 29.925 25.6815 23.0673 14.3902 27.4277 39.4847 9.1299 ]
D = [ 2158 626 3036 3317 2297 2531 556 2235 1628 1134 2996 1979 1590 1814 1715 1098 1658 3388 3662 2162 3376 2778 3050 1564 ]
K = 21
nk = [ 1863292536 32614 1863292536 32614 0 0 0 0 0 0 0 0 0 0 0 0 0 0 0 0 ]
First = [ 1 1 1 1 1 1 1 1 1 1 1 1 1 1 1 1 1 1 1 1 ]
Last = [ 1 1 1 1 1 1 1 1 1 1 1 1 1 1 1 1 1 1 1 1 ]
nS = 2
S = [ 1 0 0 0 0 0 0 0 0 0 1 0 0 0 0 0 0 0 0 0 ]
