n = 20 ; 
T = 24 ; 
Init = [ 0 1 1 1 0 0 1 0 1 0 0 1 1 0 1 0 1 0 0 1 ]
L = [ 5 10 3 7 9 3 7 4 7 5 9 6 3 3 7 6 8 6 5 6 ]
l = [ 5 10 3 7 9 3 7 4 7 5 9 6 3 3 7 6 8 6 5 6 ]
Pmin = [ 44 100 20 74 100 26 72 39 69 57 96 56 34 31 79 67 86 63 52 66 ]
Pmax = [ 165 420 70 292 409 58 274 134 276 198 393 215 104 96 316 261 329 241 208 235 ]
cf = [ 68.0703 38.6644 64.6147 53.5794 12.2299 18.0303 11.5616 56.1873 49.4183 19.8482 48.7151 13.0592 24.2829 53.5382 64.2722 19.1532 44.2654 33.5478 45.913 43.0866 ]
c0 = [ 124 250 61 205 250 92 194 113 197 168 248 149 114 94 211 186 224 165 141 181 ]
cp = [ 32.8543 8.38079 40.9213 30.8582 19.5754 35.6263 19.1978 33.367 29.9204 32.3848 8.57964 23.8411 31.6468 38.2102 26.1855 26.106 22.3001 23.6502 28.5502 28.4462 ]
D = [ 178 178 178 178 178 178 1555 1555 1555 1555 1555 1555 178 178 178 178 178 178 1555 1555 1555 1555 1555 1555 ]
K = 21
nk = [ 0 0 0 0 0 0 0 0 0 0 0 0 0 0 0 0 0 0 0 0 ]
First = [ 1 1 1 1 1 1 1 1 1 1 1 1 1 1 1 1 1 1 1 1 ]
Last = [ 1 1 1 1 1 1 1 1 1 1 1 1 1 1 1 1 1 1 1 1 ]
nS = 2
S = [ 1 0 0 0 0 0 0 0 0 0 1 0 0 0 0 0 0 0 0 0 ]
