n = 20 ; 
T = 24 ; 
Init = [ 1 0 1 0 0 0 1 1 1 0 0 1 0 0 1 0 0 1 1 0 ]
L = [ 5 9 5 10 2 6 5 7 5 5 7 8 10 10 8 6 6 7 6 7 ]
l = [ 5 9 5 10 2 6 5 7 5 5 7 8 10 10 8 6 6 7 6 7 ]
Pmin = [ 49 96 51 100 21 53 49 78 58 51 81 83 100 100 83 58 66 67 58 76 ]
Pmax = [ 181 390 180 420 57 201 193 303 207 189 298 334 420 412 339 209 245 263 211 313 ]
cf = [ 26.6029 60.8758 32.5388 51.6549 39.8636 43.2805 35.912 20.1 67.6242 13.9259 22.1251 9.16558 29.6451 15.3025 68.0857 46.6787 24.3622 16.5457 68.2635 59.9744 ]
c0 = [ 128 247 153 250 66 141 133 205 163 146 208 230 250 250 223 159 175 190 169 194 ]
cp = [ 19.8309 19.3682 38.6854 9.36641 41.0541 23.6823 20.0161 16.3874 24.2366 27.3096 23.6168 14.2527 9.96728 11.2553 19.8628 27.4089 30.1785 18.6868 17.5309 14.7557 ]
D = [ 3838 837 4160 3422 233 2290 39 1794 1317 4946 2287 2987 4169 4461 1424 1602 2186 3886 2718 1984 4476 4006 2168 1040 ]
K = 21
nk = [ 0 0 0 0 0 0 0 0 0 0 0 0 0 0 0 0 0 0 0 0 ]
First = [ 1 1 1 1 1 1 1 1 1 1 1 1 1 1 1 1 1 1 1 1 ]
Last = [ 1 1 1 1 1 1 1 1 1 1 1 1 1 1 1 1 1 1 1 1 ]
nS = 2
S = [ 1 0 0 0 0 0 0 0 0 0 1 0 0 0 0 0 0 0 0 0 ]
