n = 20 ; 
T = 24 ; 
Init = [ 1 1 0 0 0 0 0 1 1 0 1 1 0 1 1 0 0 1 0 0 ]
L = [ 6 8 6 8 7 10 9 3 8 5 6 8 8 3 4 6 8 8 3 3 ]
l = [ 6 8 6 8 7 10 9 3 8 5 6 8 8 3 4 6 8 8 3 3 ]
Pmin = [ 61 77 64 86 75 100 98 38 80 49 69 89 93 22 39 61 82 86 26 33 ]
Pmax = [ 215 313 226 321 287 420 392 129 333 193 269 363 366 81 139 238 323 355 89 112 ]
cf = [ 19.4515 56.0603 19.3096 53.8146 56.2689 46.116 8.49027 23.6635 55.0484 24.2981 50.2719 49.0224 32.3031 12.2599 35.0278 42.8377 27.6219 16.7658 19.194 14.5082 ]
c0 = [ 177 198 172 233 193 250 250 116 220 129 178 240 238 64 118 174 227 219 81 110 ]
cp = [ 22.3885 13.8579 22.7752 23.3645 24.8754 8.17682 12.9522 33.3001 12.3496 38.0805 34.3642 23.8874 10.0161 33.432 26.0488 23.8371 11.6293 14.8598 40.4566 36.7825 ]
D = [ 1000 1607 4190 2225 1780 2195 1164 1271 2539 3064 858 3560 1921 1867 2233 796 5074 2355 2162 3848 3773 545 2129 683 ]
K = 21
nk = [ 1863292536 32614 1863292536 32614 0 0 0 0 0 0 0 0 0 0 0 0 0 0 0 0 ]
First = [ 1 1 1 1 1 1 1 1 1 1 1 1 1 1 1 1 1 1 1 1 ]
Last = [ 1 1 1 1 1 1 1 1 1 1 1 1 1 1 1 1 1 1 1 1 ]
nS = 2
S = [ 1 0 0 0 0 0 0 0 0 0 1 0 0 0 0 0 0 0 0 0 ]
