n = 20 ; 
T = 24 ; 
Init = [ 1 0 0 0 0 0 1 1 1 1 1 0 1 1 0 0 1 0 1 0 ]
L = [ 7 7 5 3 3 4 10 6 7 8 5 9 3 3 8 10 8 5 10 4 ]
l = [ 7 7 5 3 3 4 10 6 7 8 5 9 3 3 8 10 8 5 10 4 ]
Pmin = [ 67 79 57 33 30 43 100 66 73 96 51 93 30 34 98 100 88 57 100 41 ]
Pmax = [ 256 291 203 112 104 139 420 247 302 364 202 380 105 110 375 420 364 204 420 124 ]
cf = [ 64.8526 30.7088 30.0662 15.7729 68.9929 23.0781 58.9151 9.21632 68.4113 43.7414 69.0987 23.3436 45.0961 19.6236 64.5564 19.7005 17.9832 41.8531 47.6304 62.5171 ]
c0 = [ 177 199 152 104 97 135 250 179 202 247 146 237 87 99 250 250 223 168 250 112 ]
cp = [ 27.5725 13.3618 37.577 30.4467 39.6489 36.3771 9.22416 23.9815 16.5789 16.7682 29.798 9.59157 34.7128 35.2874 15.8457 8.89579 14.7042 38.2537 8.73958 27.618 ]
D = [ 340 340 340 340 340 340 1873 1873 1873 1873 1873 1873 340 340 340 340 340 340 1873 1873 1873 1873 1873 1873 ]
K = 21
nk = [ -862181768 32606 -862181768 32606 0 0 0 0 0 0 0 0 0 0 0 0 0 0 0 0 ]
First = [ 1 1 1 1 1 1 1 1 1 1 1 1 1 1 1 1 1 1 1 1 ]
Last = [ 1 1 1 1 1 1 1 1 1 1 1 1 1 1 1 1 1 1 1 1 ]
nS = 2
S = [ 1 0 0 0 0 0 0 0 0 0 1 0 0 0 0 0 0 0 0 0 ]
