n = 20 ; 
T = 24 ; 
Init = [ 1 0 0 0 1 0 1 1 1 1 1 1 0 0 0 1 0 0 1 1 ]
L = [ 6 6 9 3 5 2 4 8 4 7 7 5 7 8 9 3 8 8 7 3 ]
l = [ 6 6 9 3 5 2 4 8 4 7 7 5 7 8 9 3 8 8 7 3 ]
Pmin = [ 62 57 100 28 50 21 36 87 42 84 77 49 76 84 93 23 81 82 82 21 ]
Pmax = [ 251 228 406 84 197 44 132 344 167 321 297 164 314 337 387 68 320 310 307 74 ]
cf = [ 44.1938 7.04765 62.0419 45.0988 27.3942 68.8451 69.8144 54.6949 58.7917 61.7058 59.2586 48.0532 60.8063 14.3917 14.1673 14.1791 7.17028 64.3867 43.8068 68.0809 ]
c0 = [ 176 168 250 88 135 81 114 228 134 230 209 127 212 215 247 87 226 226 217 62 ]
cp = [ 18.0647 28.1135 9.41405 37.914 23.7338 38.7014 37.0625 11.7956 19.52 15.0856 16.2328 22.0995 23.9199 13.9253 14.3819 36.2185 23.6677 14.3268 22.008 39.4562 ]
D = [ 3316 1155 4631 2827 1870 2685 2785 1796 1837 123 2057 4642 127 1457 2764 1665 1370 2750 510 524 2124 4452 3621 1431 ]
K = 21
nk = [ 1863292536 32614 1863292536 32614 0 0 0 0 0 0 0 0 0 0 0 0 0 0 0 0 ]
First = [ 1 1 1 1 1 1 1 1 1 1 1 1 1 1 1 1 1 1 1 1 ]
Last = [ 1 1 1 1 1 1 1 1 1 1 1 1 1 1 1 1 1 1 1 1 ]
nS = 2
S = [ 1 0 0 0 0 0 0 0 0 0 1 0 0 0 0 0 0 0 0 0 ]
