n = 10 ; 
T = 48 ; 
Init = [ 0 1 1 0 1 1 0 0 1 1 ]
L = [ 5 4 10 4 7 4 4 6 4 9 ]
l = [ 5 4 10 4 7 4 4 6 4 9 ]
Pmin = [ 49 31 100 45 75 40 52 66 40 100 ]
Pmax = [ 49 31 100 45 75 40 52 66 40 100 ]
cf = [ 18.8877 65.1488 60.8747 15.0191 61.8573 33.8842 50.3094 43.9196 38.0108 45.6926 ]
c0 = [ 147 89 250 132 200 124 143 187 124 250 ]
cp = [ 19.5999 27.3667 8.11824 35.6292 24.4866 29.8407 30.1645 24.3815 38.5836 9.90938 ]
D = [ 385 374 474 64 39 339 175 20 221 407 541 131 502 251 494 170 128 117 70 29 547 183 581 461 259 504 118 72 256 412 440 43 188 315 107 227 56 281 247 278 90 189 409 593 440 305 165 568 ]
K = 11
nk = [ 0 1 2 3 4 5 6 7 8 9 ]
First = [ 0 0 0 0 0 0 0 0 0 0 ]
Last = [ 0 0 0 0 0 0 0 0 0 0 ]
nS = 3
S = [ 1 0 0 0 0 1 0 0 0 1 ]
