n = 10 ; 
T = 48 ; 
Init = [ 1 1 1 0 1 0 0 1 1 1 ]
L = [ 4 9 9 10 4 8 8 3 9 8 ]
l = [ 4 9 9 10 4 8 8 3 9 8 ]
Pmin = [ 42 93 97 100 39 89 86 25 100 83 ]
Pmax = [ 42 93 97 100 39 89 86 25 100 83 ]
cf = [ 12.9857 62.6339 54.6022 44.0084 65.8295 43.0974 30.7741 29.6572 43.3053 11.3299 ]
c0 = [ 123 238 250 250 111 233 229 81 250 227 ]
cp = [ 35.8479 9.70121 17.774 8.57569 37.5729 28.4905 20.4502 36.4086 17.2398 11.7705 ]
D = [ 703 285 76 241 206 535 107 72 111 209 375 528 380 740 7 661 271 442 302 508 268 374 419 84 62 369 516 347 641 196 399 590 481 474 77 687 255 184 5 367 393 380 141 19 366 148 680 637 ]
K = 11
nk = [ 0 1 2 3 4 5 6 7 8 9 ]
First = [ 0 0 0 0 0 0 0 0 0 0 ]
Last = [ 0 0 0 0 0 0 0 0 0 0 ]
nS = 3
S = [ 1 0 0 0 0 1 0 0 0 1 ]
