n = 10 ; 
T = 48 ; 
Init = [ 1 0 1 1 0 1 1 0 1 0 ]
L = [ 3 4 4 8 8 8 7 5 3 3 ]
l = [ 3 4 4 8 8 8 7 5 3 3 ]
Pmin = [ 26 36 34 77 83 76 75 54 34 33 ]
Pmax = [ 26 36 34 77 83 76 75 54 34 33 ]
cf = [ 33.6858 67.6811 10.963 61.2225 20.711 25.8989 24.2671 8.00802 47.4028 9.20014 ]
c0 = [ 91 113 109 213 214 200 208 160 105 89 ]
cp = [ 39.9455 36.8802 30.9874 19.4825 14.6492 20.7017 20.4567 32.9976 37.373 26.0604 ]
D = [ 172 201 243 273 354 485 282 246 192 246 45 134 85 463 25 169 120 464 136 441 472 360 421 505 286 8 135 431 17 474 449 188 147 164 461 501 121 215 219 313 461 264 447 19 199 472 188 319 ]
K = 11
nk = [ 0 1 2 3 4 5 6 7 8 9 ]
First = [ 0 0 0 0 0 0 0 0 0 0 ]
Last = [ 0 0 0 0 0 0 0 0 0 0 ]
nS = 4
S = [ 1 0 1 0 0 0 1 0 1 0 ]
