n = 10 ; 
T = 48 ; 
Init = [ 0 0 1 0 1 1 0 0 1 0 ]
L = [ 5 8 9 4 7 4 8 4 10 10 ]
l = [ 5 8 9 4 7 4 8 4 10 10 ]
Pmin = [ 57 83 100 40 77 39 94 45 100 100 ]
Pmax = [ 57 83 100 40 77 39 94 45 100 100 ]
cf = [ 51.0774 54.5103 66.8708 44.5272 9.99901 58.9286 23.1685 57.0582 51.0599 61.5897 ]
c0 = [ 162 226 250 109 215 117 250 121 250 250 ]
cp = [ 33.1409 14.2433 9.88347 26.3007 33.6108 33.0482 18.7418 32.8746 8.2419 8.86566 ]
D = [ 198 246 280 300 349 383 431 451 488 544 559 617 648 583 535 467 414 368 436 474 512 452 380 282 220 241 272 310 358 372 422 439 464 497 543 558 599 560 525 477 414 393 453 504 582 479 397 307 ]
K = 11
nk = [ 0 1 2 3 4 5 6 7 8 9 ]
First = [ 0 0 0 0 0 0 0 0 0 0 ]
Last = [ 0 0 0 0 0 0 0 0 0 0 ]
nS = 4
S = [ 1 0 1 0 0 0 1 1 0 0 ]
