n = 10 ; 
T = 48 ; 
Init = [ 1 1 1 1 0 0 0 1 0 0 ]
L = [ 3 5 9 5 3 7 10 3 9 2 ]
l = [ 3 5 9 5 3 7 10 3 9 2 ]
Pmin = [ 22 42 100 56 26 73 100 26 94 24 ]
Pmax = [ 22 42 100 56 26 73 100 26 94 24 ]
cf = [ 63.7269 35.4499 42.1655 62.7452 66.9521 53.6813 65.4845 56.9998 36.8694 7.17811 ]
c0 = [ 80 128 250 159 84 191 250 74 238 78 ]
cp = [ 40.9348 24.6397 15.8205 26.8973 31.873 9.6739 9.05445 39.1191 14.5859 41.6407 ]
D = [ 377 429 161 254 305 89 513 72 202 365 539 49 221 181 429 512 322 276 14 346 516 521 37 268 456 10 122 416 457 389 418 271 254 16 525 559 105 474 68 307 276 44 356 497 224 222 446 546 ]
K = 11
nk = [ 0 1 2 3 4 5 6 7 8 9 ]
First = [ 0 0 0 0 0 0 0 0 0 0 ]
Last = [ 0 0 0 0 0 0 0 0 0 0 ]
nS = 4
S = [ 1 0 0 0 1 0 1 1 0 0 ]
