n = 10 ; 
T = 48 ; 
Init = [ 1 1 0 0 1 1 0 1 1 0 ]
L = [ 9 7 4 6 9 5 9 4 3 4 ]
l = [ 9 7 4 6 9 5 9 4 3 4 ]
Pmin = [ 100 66 43 63 95 48 91 46 28 41 ]
Pmax = [ 100 66 43 63 95 48 91 46 28 41 ]
cf = [ 64.3171 25.6136 47.5849 47.8172 7.32844 52.8166 7.69306 11.3277 15.7345 62.1855 ]
c0 = [ 250 187 133 164 248 128 243 131 82 120 ]
cp = [ 12.1985 18.8991 36.2508 21.7611 16.3614 36.5568 10.2038 22.1145 39.2248 32.4474 ]
D = [ 175 197 240 260 275 326 346 381 409 434 453 495 511 476 438 390 340 287 350 403 462 375 292 209 126 170 200 233 266 287 331 361 399 424 454 488 529 471 440 388 338 303 340 400 441 369 300 210 ]
K = 11
nk = [ 0 1 2 3 4 5 6 7 8 9 ]
First = [ 0 0 0 0 0 0 0 0 0 0 ]
Last = [ 0 0 0 0 0 0 0 0 0 0 ]
nS = 4
S = [ 1 1 0 0 0 0 1 1 0 0 ]
