n = 20 ; 
T = 24 ; 
Init = [ 0 1 1 1 1 1 0 1 1 0 0 1 1 0 1 0 1 0 1 0 ]
L = [ 8 3 3 7 9 9 3 7 3 4 4 6 8 5 9 4 8 7 8 5 ]
l = [ 8 3 3 7 9 9 3 7 3 4 4 6 8 5 9 4 8 7 8 5 ]
Pmin = [ 84 23 33 81 98 100 29 78 39 37 31 70 86 54 98 41 98 70 87 57 ]
Pmax = [ 84 23 33 81 98 100 29 78 39 37 31 70 86 54 98 41 98 70 87 57 ]
cf = [ 15.5902 47.7847 32.2428 58.4592 55.0989 57.5044 18.3079 52.9845 66.1073 31.3563 38.6402 45.3946 47.8979 62.8185 26.6212 57.2399 32.0481 42.8908 58.6413 56.694 ]
c0 = [ 227 72 99 220 248 250 87 198 112 120 102 180 225 149 250 119 250 197 226 161 ]
cp = [ 9.49956 40.1167 37.5809 14.1447 14.6257 9.61404 38.6311 30.7738 40.1237 33.8772 30.8933 20.6029 22.0579 31.3469 11.7272 34.2548 11.1358 25.2029 17.7424 20.9888 ]
D = [ 618 751 1126 1111 1230 1112 406 1096 943 813 581 1119 356 1099 882 50 842 1114 995 762 321 351 257 1161 ]
K = 21
nk = [ 0 1 2 3 4 5 6 7 8 9 10 11 12 13 14 15 16 17 18 19 ]
First = [ 0 0 0 0 0 0 0 0 0 0 0 0 0 0 0 0 0 0 0 0 ]
Last = [ 0 0 0 0 0 0 0 0 0 0 0 0 0 0 0 0 0 0 0 0 ]
nS = 5
S = [ 1 0 1 0 0 1 0 0 0 0 0 1 0 0 0 0 1 0 0 0 ]
