n = 20 ; 
T = 24 ; 
Init = [ 0 1 0 0 1 0 1 0 1 0 0 1 0 1 0 1 0 1 1 1 ]
L = [ 4 2 4 8 9 9 5 10 6 6 5 10 7 8 7 10 6 5 8 3 ]
l = [ 4 2 4 8 9 9 5 10 6 6 5 10 7 8 7 10 6 5 8 3 ]
Pmin = [ 39 23 49 83 97 100 54 100 61 60 49 100 74 81 81 100 70 57 80 35 ]
Pmax = [ 39 23 49 83 97 100 54 100 61 60 49 100 74 81 81 100 70 57 80 35 ]
cf = [ 21.6178 11.4373 55.3474 58.02 28.3917 46.5398 17.4746 23.0237 20.2985 58.5876 21.6207 53.3905 63.8199 37.5675 36.9635 33.1082 51.2563 66.7051 49.7011 60.7941 ]
c0 = [ 117 67 133 227 250 250 149 250 160 167 138 250 194 208 214 250 179 151 219 105 ]
cp = [ 23.0144 35.4073 30.3011 18.4685 20.9902 9.01501 28.451 10.0711 18.8785 32.2727 27.4372 10.5806 18.0659 17.4913 19.3069 9.31434 27.5631 20.2918 13.742 30.4071 ]
D = [ 665 145 338 1040 386 958 912 419 1138 624 1133 68 722 809 1196 1195 290 35 156 584 1175 479 217 1039 ]
K = 21
nk = [ 0 1 2 3 4 5 6 7 8 9 10 11 12 13 14 15 16 17 18 19 ]
First = [ 0 0 0 0 0 0 0 0 0 0 0 0 0 0 0 0 0 0 0 0 ]
Last = [ 0 0 0 0 0 0 0 0 0 0 0 0 0 0 0 0 0 0 0 0 ]
nS = 9
S = [ 1 0 0 0 1 1 0 1 0 0 1 1 0 1 0 0 0 1 0 1 ]
