n = 20 ; 
T = 24 ; 
Init = [ 0 0 1 0 0 0 1 1 1 1 0 0 1 0 1 0 1 0 0 1 ]
L = [ 6 2 8 4 6 5 8 7 4 7 2 4 5 2 9 7 6 3 7 6 ]
l = [ 6 2 8 4 6 5 8 7 4 7 2 4 5 2 9 7 6 3 7 6 ]
Pmin = [ 63 21 92 34 70 54 95 64 37 73 27 33 45 22 94 74 59 23 67 58 ]
Pmax = [ 63 21 92 34 70 54 95 64 37 73 27 33 45 22 94 74 59 23 67 58 ]
cf = [ 54.9362 20.9746 20.0852 8.86678 15.8178 58.9493 8.57732 49.7441 63.9946 11.295 19.3459 69.885 10.9172 7.97025 23.43 51.3888 17.8401 42.9273 63.1219 13.1771 ]
c0 = [ 164 84 249 97 191 144 246 167 120 206 84 93 137 70 250 194 166 78 184 172 ]
cp = [ 27.4914 41.495 21.0785 35.8002 28.1722 29.7625 12.3192 29.8848 30.3014 24.1429 40.9877 36.9441 31.5342 41.7618 11.6872 15.027 19.608 35.9956 25.5532 17.4252 ]
D = [ 565 335 229 400 587 924 778 225 470 303 205 206 548 435 238 703 241 266 348 136 341 564 134 410 ]
K = 21
nk = [ 0 1 2 3 4 5 6 7 8 9 10 11 12 13 14 15 16 17 18 19 ]
First = [ 0 0 0 0 0 0 0 0 0 0 0 0 0 0 0 0 0 0 0 0 ]
Last = [ 0 0 0 0 0 0 0 0 0 0 0 0 0 0 0 0 0 0 0 0 ]
nS = 5
S = [ 1 0 0 0 1 0 0 0 0 1 0 0 0 1 0 0 0 0 0 1 ]
