n = 20 ; 
T = 24 ; 
Init = [ 1 1 0 1 0 1 0 0 0 1 0 0 0 1 0 0 1 1 1 1 ]
L = [ 4 8 5 8 3 9 8 3 5 6 7 10 5 8 2 3 10 9 3 4 ]
l = [ 4 8 5 8 3 9 8 3 5 6 7 10 5 8 2 3 10 9 3 4 ]
Pmin = [ 39 90 46 88 26 100 79 24 46 59 78 100 58 96 29 35 100 96 20 35 ]
Pmax = [ 39 90 46 88 26 100 79 24 46 59 78 100 58 96 29 35 100 96 20 35 ]
cf = [ 47.7529 14.779 51.0396 20.7351 66.2865 46.7927 59.9035 61.0255 42.708 19.581 40.8275 68.7877 13.4453 10.6317 64.5667 65.8843 42.0718 32.3666 39.8289 12.3253 ]
c0 = [ 113 246 132 242 91 250 211 82 133 163 212 250 160 239 100 116 250 245 80 96 ]
cp = [ 35.9139 13.5764 33.3733 14.072 39.1498 9.81121 33.0618 35.2517 28.3537 28.6014 31.1898 11.5214 33.0353 9.64145 40.4592 35.4672 8.24562 11.5731 35.3217 37.789 ]
D = [ 352 408 453 530 576 629 682 753 833 863 920 985 1025 938 844 771 701 579 699 814 922 744 592 444 ]
K = 21
nk = [ 0 1 2 3 4 5 6 7 8 9 10 11 12 13 14 15 16 17 18 19 ]
First = [ 0 0 0 0 0 0 0 0 0 0 0 0 0 0 0 0 0 0 0 0 ]
Last = [ 0 0 0 0 0 0 0 0 0 0 0 0 0 0 0 0 0 0 0 0 ]
nS = 5
S = [ 1 0 0 0 1 0 0 0 1 0 0 0 1 0 0 0 0 1 0 0 ]
