n = 20 ; 
T = 24 ; 
Init = [ 1 1 1 1 1 0 1 0 1 0 0 1 1 0 0 1 1 0 0 1 ]
L = [ 4 2 9 8 5 10 9 6 8 2 5 9 4 7 5 8 4 9 8 2 ]
l = [ 4 2 9 8 5 10 9 6 8 2 5 9 4 7 5 8 4 9 8 2 ]
Pmin = [ 41 14 96 90 49 100 100 61 84 21 41 87 29 64 46 84 39 95 75 10 ]
Pmax = [ 41 14 96 90 49 100 100 61 84 21 41 87 29 64 46 84 39 95 75 10 ]
cf = [ 43.5113 45.0533 14.4375 68.1175 65.359 24.3957 16.7193 57.2861 35.746 20.7642 62.3353 32.6768 27.4977 13.8386 29.9837 36.9026 14.9533 13.3496 14.7673 46.4571 ]
c0 = [ 129 47 245 247 132 250 250 171 223 82 127 233 101 165 135 222 118 248 203 35 ]
cp = [ 36.2806 41.3354 14.8379 12.6819 34.1357 8.43829 8.94599 33.7606 12.1083 40.1884 29.7665 14.601 31.6594 19.3408 29.186 18.1336 31.2824 16.6803 22.3238 41.9836 ]
D = [ 2 1084 387 1174 1198 1179 480 716 492 1133 720 1203 648 864 1166 558 1203 129 310 536 397 161 1036 796 ]
K = 21
nk = [ 0 1 2 3 4 5 6 7 8 9 10 11 12 13 14 15 16 17 18 19 ]
First = [ 0 0 0 0 0 0 0 0 0 0 0 0 0 0 0 0 0 0 0 0 ]
Last = [ 0 0 0 0 0 0 0 0 0 0 0 0 0 0 0 0 0 0 0 0 ]
nS = 6
S = [ 1 1 0 0 0 0 0 1 0 0 0 0 0 1 0 1 1 0 0 0 ]
