n = 20 ; 
T = 24 ; 
Init = [ 1 1 1 1 1 1 0 1 0 1 0 1 0 0 1 0 0 0 0 0 ]
L = [ 2 9 7 5 9 9 3 4 2 2 3 6 9 6 5 8 6 2 10 6 ]
l = [ 2 9 7 5 9 9 3 4 2 2 3 6 9 6 5 8 6 2 10 6 ]
Pmin = [ 23 89 76 53 86 100 33 49 21 29 32 59 87 69 45 89 56 25 100 61 ]
Pmax = [ 23 89 76 53 86 100 33 49 21 29 32 59 87 69 45 89 56 25 100 61 ]
cf = [ 49.0135 66.4448 44.4359 8.78809 35.5416 50.5803 38.3921 41.6014 27.7543 48.7432 18.3632 64.6941 8.53515 49.1744 41.1508 16.2904 25.0005 44.202 52.8733 52.9993 ]
c0 = [ 79 232 204 152 219 250 91 140 70 102 103 169 219 182 129 230 148 88 250 165 ]
cp = [ 40.4578 13.7047 17.9615 25.6418 12.62 11.4545 34.2129 21.4613 40.8017 35.5846 39.6324 25.7738 13.3574 19.5473 23.1814 10.8555 31.0901 40.1887 8.34826 24.9404 ]
D = [ 620 471 589 661 874 1106 986 1069 927 968 368 533 901 1071 567 254 706 1156 904 1096 757 1117 996 786 ]
K = 21
nk = [ 0 1 2 3 4 5 6 7 8 9 10 11 12 13 14 15 16 17 18 19 ]
First = [ 0 0 0 0 0 0 0 0 0 0 0 0 0 0 0 0 0 0 0 0 ]
Last = [ 0 0 0 0 0 0 0 0 0 0 0 0 0 0 0 0 0 0 0 0 ]
nS = 6
S = [ 1 0 0 0 1 0 0 0 1 0 0 0 1 0 0 1 0 0 1 0 ]
