n = 20 ; 
T = 48 ; 
Init = [ 0 1 1 1 1 1 0 0 1 1 1 0 0 1 1 0 0 1 0 1 ]
L = [ 6 8 10 3 3 3 7 6 6 9 10 7 2 7 6 9 4 4 8 7 ]
l = [ 6 8 10 3 3 3 7 6 6 9 10 7 2 7 6 9 4 4 8 7 ]
Pmin = [ 55 87 100 29 32 33 77 69 71 100 100 76 17 67 55 95 32 32 88 73 ]
Pmax = [ 55 87 100 29 32 33 77 69 71 100 100 76 17 67 55 95 32 32 88 73 ]
cf = [ 39.3658 20.9151 66.4969 57.4183 51.3168 34.4092 33.266 16.1488 36.7397 47.6829 28.132 14.3212 53.7578 53.4658 7.99488 63.9269 17.8315 36.9211 11.3952 64.5048 ]
c0 = [ 155 221 250 101 91 99 204 180 197 250 250 197 59 189 161 243 93 105 239 188 ]
cp = [ 32.2274 11.9667 8.17757 33.745 36.2522 38.6328 23.5944 25.0989 26.3066 12.5123 8.35617 25.162 41.4729 29.7143 34.3681 13.5731 27.0247 33.519 15.2299 21.3295 ]
D = [ 516 346 141 983 36 1244 1225 434 924 925 590 298 1209 519 40 827 1079 577 1014 399 121 159 549 1077 1108 569 953 42 1181 1043 1218 409 101 71 104 137 26 41 571 950 966 1162 1248 888 392 1 427 183 ]
K = 21
nk = [ 0 1 2 3 4 5 6 7 8 9 10 11 12 13 14 15 16 17 18 19 ]
First = [ 0 0 0 0 0 0 0 0 0 0 0 0 0 0 0 0 0 0 0 0 ]
Last = [ 0 0 0 0 0 0 0 0 0 0 0 0 0 0 0 0 0 0 0 0 ]
nS = 4
S = [ 1 0 0 0 0 1 0 0 0 0 1 0 0 0 1 0 0 0 0 0 ]
