n = 20 ; 
T = 48 ; 
Init = [ 0 0 0 0 1 1 0 0 0 1 1 0 0 0 1 1 0 0 0 1 ]
L = [ 4 10 6 10 3 5 8 3 8 5 6 9 7 6 3 7 8 6 9 9 ]
l = [ 4 10 6 10 3 5 8 3 8 5 6 9 7 6 3 7 8 6 9 9 ]
Pmin = [ 44 100 64 100 27 59 88 22 82 56 61 94 68 62 33 74 89 65 98 100 ]
Pmax = [ 44 100 64 100 27 59 88 22 82 56 61 94 68 62 33 74 89 65 98 100 ]
cf = [ 47.3713 50.5055 69.4353 61.6315 10.0817 57.0785 44.8882 12.2087 40.5268 43.054 29.7501 64.0222 63.625 9.07741 41.8735 54.9454 36.7762 24.8582 28.2102 24.1325 ]
c0 = [ 124 250 179 250 94 163 237 77 224 150 169 237 194 163 112 201 225 174 250 250 ]
cp = [ 35.6145 9.0961 31.0875 8.59603 27.203 36.6099 11.6117 39.9845 13.6878 30.3331 18.4032 10.9273 23.5481 20.8161 39.9459 19.231 18.2672 16.5284 14.7167 13.2917 ]
D = [ 332 390 460 560 607 675 747 852 882 946 1006 1077 1186 1059 996 894 810 722 794 891 950 784 673 473 304 372 472 514 583 659 735 803 882 938 1023 1042 1145 1069 968 870 767 652 778 893 1039 890 693 549 ]
K = 21
nk = [ 0 1 2 3 4 5 6 7 8 9 10 11 12 13 14 15 16 17 18 19 ]
First = [ 0 0 0 0 0 0 0 0 0 0 0 0 0 0 0 0 0 0 0 0 ]
Last = [ 0 0 0 0 0 0 0 0 0 0 0 0 0 0 0 0 0 0 0 0 ]
nS = 9
S = [ 1 0 0 0 1 1 0 1 1 0 0 0 1 0 0 0 1 0 1 1 ]
