n = 20 ; 
T = 48 ; 
Init = [ 0 0 1 0 0 0 0 0 1 0 1 1 1 0 0 1 1 0 1 0 ]
L = [ 7 7 9 9 3 10 6 3 9 7 5 5 7 8 10 6 7 4 8 8 ]
l = [ 7 7 9 9 3 10 6 3 9 7 5 5 7 8 10 6 7 4 8 8 ]
Pmin = [ 73 75 99 92 33 100 69 26 93 79 54 48 77 88 100 66 76 46 84 83 ]
Pmax = [ 73 75 99 92 33 100 69 26 93 79 54 48 77 88 100 66 76 46 84 83 ]
cf = [ 10.652 62.9509 18.0015 31.8753 47.9045 37.9561 14.9591 28.2371 37.8696 14.4477 57.3139 37.7267 23.8784 60.567 57.1653 48.271 9.92099 41.7031 30.9634 21.9874 ]
c0 = [ 207 193 249 237 99 250 193 88 236 202 145 136 208 238 250 179 214 125 233 213 ]
cp = [ 18.2473 19.7652 10.4638 19.6895 37.1753 8.11015 29.2555 31.3143 16.1152 29.2366 27.1846 17.4762 28.3668 19.2536 8.14644 34.7887 20.2541 31.2967 22.8799 13.3318 ]
D = [ 387 474 525 605 676 740 814 875 955 984 1060 1131 1197 1123 1040 922 829 728 863 955 1059 900 728 576 404 480 542 590 648 721 831 884 963 1006 1072 1169 1220 1125 997 905 820 726 840 954 1027 887 701 498 ]
K = 21
nk = [ 0 1 2 3 4 5 6 7 8 9 10 11 12 13 14 15 16 17 18 19 ]
First = [ 0 0 0 0 0 0 0 0 0 0 0 0 0 0 0 0 0 0 0 0 ]
Last = [ 0 0 0 0 0 0 0 0 0 0 0 0 0 0 0 0 0 0 0 0 ]
nS = 6
S = [ 1 0 0 0 1 0 1 1 0 0 1 0 0 0 0 0 1 0 0 0 ]
