n = 20 ; 
T = 48 ; 
Init = [ 1 0 0 1 0 0 0 1 1 0 0 1 1 0 0 1 0 1 1 0 ]
L = [ 9 7 4 7 7 6 3 8 7 9 4 4 4 5 6 7 8 3 6 3 ]
l = [ 9 7 4 7 7 6 3 8 7 9 4 4 4 5 6 7 8 3 6 3 ]
Pmin = [ 94 75 37 76 80 65 29 91 80 100 32 37 42 53 68 72 84 21 64 33 ]
Pmax = [ 94 75 37 76 80 65 29 91 80 100 32 37 42 53 68 72 84 21 64 33 ]
cf = [ 52.0633 33.2509 48.123 26.8792 54.6333 39.444 16.1896 9.89043 39.7334 68.0851 64.5304 9.79302 21.9534 21.0296 34.3339 24.1504 65.0751 21.2957 37.679 27.2741 ]
c0 = [ 248 197 107 201 203 182 97 234 210 250 89 112 122 155 180 187 233 67 171 111 ]
cp = [ 19.6206 17.8583 28.1149 14.5133 23.9 23.6556 39.2955 19.8126 18.429 9.48204 32.9673 39.0224 28.76 21.8691 19.6949 31.6886 20.1218 40.446 30.6621 40.0313 ]
D = [ 334 402 455 512 585 620 665 724 820 849 929 964 1024 964 837 784 722 601 734 799 915 754 613 507 371 412 460 506 593 642 656 722 810 827 883 943 986 937 868 747 700 608 679 816 884 732 598 453 ]
K = 21
nk = [ 0 1 2 3 4 5 6 7 8 9 10 11 12 13 14 15 16 17 18 19 ]
First = [ 0 0 0 0 0 0 0 0 0 0 0 0 0 0 0 0 0 0 0 0 ]
Last = [ 0 0 0 0 0 0 0 0 0 0 0 0 0 0 0 0 0 0 0 0 ]
nS = 6
S = [ 1 1 0 0 0 0 0 1 1 0 0 1 0 0 1 0 0 0 0 0 ]
