n = 20 ; 
T = 48 ; 
Init = [ 1 1 0 1 0 0 1 0 1 0 0 1 1 1 0 1 1 0 1 1 ]
L = [ 10 3 3 5 5 3 7 6 8 9 9 4 7 7 5 5 3 2 4 5 ]
l = [ 10 3 3 5 5 3 7 6 8 9 9 4 7 7 5 5 3 2 4 5 ]
Pmin = [ 100 33 29 56 52 38 79 59 85 98 95 46 80 70 56 54 27 27 43 49 ]
Pmax = [ 100 33 29 56 52 38 79 59 85 98 95 46 80 70 56 54 27 27 43 49 ]
cf = [ 32.5683 42.6124 16.4927 61.4979 37.8545 8.2716 35.661 9.83419 68.0634 26.3624 55.1638 26.1648 11.1733 35.9284 25.122 69.7104 21.937 44.0861 36.0189 44.583 ]
c0 = [ 250 107 96 167 155 119 206 161 223 245 250 133 221 182 163 146 76 92 121 135 ]
cp = [ 8.67781 39.3205 33.9341 31.418 27.5702 27.7939 17.7585 26.533 9.90792 10.5428 14.2466 38.1509 16.8486 17.61 25.242 32.2409 29.6804 37.8724 31.6273 33.5392 ]
D = [ 285 375 423 495 517 609 640 717 789 806 866 963 1001 899 850 762 681 564 697 773 880 741 571 390 239 301 374 465 517 557 660 699 759 834 888 955 1032 923 861 766 646 580 678 763 872 711 613 457 ]
K = 21
nk = [ 0 1 2 3 4 5 6 7 8 9 10 11 12 13 14 15 16 17 18 19 ]
First = [ 0 0 0 0 0 0 0 0 0 0 0 0 0 0 0 0 0 0 0 0 ]
Last = [ 0 0 0 0 0 0 0 0 0 0 0 0 0 0 0 0 0 0 0 0 ]
nS = 6
S = [ 1 0 0 0 0 0 1 0 1 0 0 0 0 1 0 0 0 0 1 1 ]
