n = 20 ; 
T = 48 ; 
Init = [ 1 0 0 1 1 1 0 1 0 0 0 1 1 1 0 1 1 0 0 1 ]
L = [ 8 9 6 6 6 4 6 9 9 3 9 4 3 6 8 7 5 6 9 10 ]
l = [ 8 9 6 6 6 4 6 9 9 3 9 4 3 6 8 7 5 6 9 10 ]
Pmin = [ 78 100 68 71 61 40 54 96 100 24 96 42 24 57 83 73 54 66 99 100 ]
Pmax = [ 78 100 68 71 61 40 54 96 100 24 96 42 24 57 83 73 54 66 99 100 ]
cf = [ 24.016 44.2727 34.1215 16.2827 27.6832 46.5858 24.1512 61.3111 12.402 49.7781 53.3551 20.5598 22.1204 41.6828 29.7472 63.5383 17.1411 16.7833 40.7654 21.132 ]
c0 = [ 200 250 192 184 171 120 158 250 250 72 250 117 69 151 227 208 150 173 250 250 ]
cp = [ 20.733 11.5546 13.4495 24.1112 26.6255 32.2798 18.2401 10.7623 8.28167 40.0168 10.3845 34.7581 40.0142 24.6247 14.633 15.8632 35.2001 21.1168 15.9861 9.38917 ]
D = [ 306 377 475 524 607 674 749 794 853 967 1023 1097 1136 1057 977 881 749 695 760 915 1010 873 701 508 318 384 503 552 646 689 751 842 890 983 1062 1154 1178 1081 962 879 745 683 803 894 1073 882 712 574 ]
K = 21
nk = [ 0 1 2 3 4 5 6 7 8 9 10 11 12 13 14 15 16 17 18 19 ]
First = [ 0 0 0 0 0 0 0 0 0 0 0 0 0 0 0 0 0 0 0 0 ]
Last = [ 0 0 0 0 0 0 0 0 0 0 0 0 0 0 0 0 0 0 0 0 ]
nS = 8
S = [ 1 1 0 1 0 1 1 1 0 0 0 1 0 0 0 0 0 1 0 0 ]
