n = 20 ; 
T = 48 ; 
Init = [ 1 0 0 1 1 0 1 1 0 0 1 1 1 1 0 1 1 0 1 1 ]
L = [ 7 9 9 3 2 4 6 7 6 8 7 9 3 7 3 8 9 10 2 6 ]
l = [ 7 9 9 3 2 4 6 7 6 8 7 9 3 7 3 8 9 10 2 6 ]
Pmin = [ 74 100 94 26 16 50 60 74 55 93 78 100 30 72 25 86 92 100 18 67 ]
Pmax = [ 74 100 94 26 16 50 60 74 55 93 78 100 30 72 25 86 92 100 18 67 ]
cf = [ 58.439 7.27514 22.085 49.0078 9.81213 50.8787 67.5454 53.756 60.8005 51.2683 40.2229 52.113 13.4723 19.2971 68.2236 28.3133 10.6694 31.8506 45.7785 31.9304 ]
c0 = [ 206 250 250 78 55 149 165 194 149 243 219 250 98 189 88 237 233 250 56 183 ]
cp = [ 20.2085 13.733 13.4426 41.022 39.8334 18.9641 19.0201 26.8414 12.0581 21.1827 20.1692 11.6414 37.9222 28.7505 37.0382 10.5018 15.2134 8.91353 40.6539 22.9026 ]
D = [ 388 439 526 567 633 688 744 820 886 913 1008 1057 1097 1027 927 858 779 637 803 891 1057 853 695 542 404 433 493 555 609 701 766 812 846 925 976 1026 1086 1031 913 849 734 639 783 866 1009 836 626 443 ]
K = 21
nk = [ 0 1 2 3 4 5 6 7 8 9 10 11 12 13 14 15 16 17 18 19 ]
First = [ 0 0 0 0 0 0 0 0 0 0 0 0 0 0 0 0 0 0 0 0 ]
Last = [ 0 0 0 0 0 0 0 0 0 0 0 0 0 0 0 0 0 0 0 0 ]
nS = 6
S = [ 1 0 0 0 1 0 0 0 0 0 1 0 0 1 0 1 0 0 1 0 ]
