n = 20 ; 
T = 48 ; 
Init = [ 0 1 0 0 1 0 1 1 1 1 0 1 0 0 1 1 0 1 0 1 ]
L = [ 6 5 8 7 8 6 9 8 3 9 2 7 5 6 4 4 3 6 2 8 ]
l = [ 6 5 8 7 8 6 9 8 3 9 2 7 5 6 4 4 3 6 2 8 ]
Pmin = [ 57 58 96 77 86 68 96 90 33 100 14 74 45 63 33 34 31 62 21 84 ]
Pmax = [ 57 58 96 77 86 68 96 90 33 100 14 74 45 63 33 34 31 62 21 84 ]
cf = [ 44.0225 13.0107 39.7431 23.1036 30.9848 45.1937 13.6759 62.6871 62.037 57.3973 21.7428 41.0647 53.7093 43.6255 22.1407 51.0437 27.4002 68.6647 34.3385 46.5553 ]
c0 = [ 162 171 249 211 237 189 250 242 96 250 62 200 128 175 111 106 94 176 77 214 ]
cp = [ 23.1646 32.2221 24.3772 19.9327 12.0142 19.0615 9.99898 10.9276 35.3138 9.26563 41.3998 19.4273 31.4459 23.0245 33.0659 38.4675 38.801 22.7954 40.7344 11.5921 ]
D = [ 8 259 281 558 1069 268 148 340 1171 1008 538 667 1125 1173 980 368 692 1109 226 537 865 512 1198 549 1 270 181 396 244 711 1164 252 970 222 810 817 491 958 1158 440 744 473 1107 647 424 865 1016 1116 ]
K = 21
nk = [ 0 1 2 3 4 5 6 7 8 9 10 11 12 13 14 15 16 17 18 19 ]
First = [ 0 0 0 0 0 0 0 0 0 0 0 0 0 0 0 0 0 0 0 0 ]
Last = [ 0 0 0 0 0 0 0 0 0 0 0 0 0 0 0 0 0 0 0 0 ]
nS = 6
S = [ 1 0 1 0 1 0 0 0 0 0 1 1 0 0 0 0 0 1 0 0 ]
