n = 20 ; 
T = 48 ; 
Init = [ 0 0 0 1 0 0 1 0 0 0 1 1 0 1 0 1 1 1 1 0 ]
L = [ 3 4 3 8 9 8 10 7 7 4 4 4 3 5 3 8 10 3 9 9 ]
l = [ 3 4 3 8 9 8 10 7 7 4 4 4 3 5 3 8 10 3 9 9 ]
Pmin = [ 22 44 23 82 100 92 100 79 78 34 37 41 32 56 33 88 100 28 100 96 ]
Pmax = [ 22 44 23 82 100 92 100 79 78 34 37 41 32 56 33 88 100 28 100 96 ]
cf = [ 53.3708 64.7416 22.2747 40.3544 51.6068 38.2956 52.2574 67.38 11.878 35.2966 66.8064 53.9858 34.7369 41.498 58.4179 24.7161 55.354 51.1298 11.9335 9.55685 ]
c0 = [ 79 137 80 208 250 236 250 217 204 105 119 110 88 149 91 243 250 98 250 244 ]
cp = [ 38.3319 33.2346 39.8529 9.93038 12.4393 15.1026 8.26068 20.4765 17.5972 34.2366 32.8872 36.1739 39.3057 34.2723 34.2509 18.1644 8.58472 35.2145 10.2756 9.92397 ]
D = [ 360 17 127 404 325 241 317 263 54 610 379 985 504 685 390 135 49 34 82 147 602 18 1090 1159 711 858 250 417 479 349 468 838 366 595 1242 691 836 295 954 890 905 67 610 144 753 1000 279 802 ]
K = 21
nk = [ 0 1 2 3 4 5 6 7 8 9 10 11 12 13 14 15 16 17 18 19 ]
First = [ 0 0 0 0 0 0 0 0 0 0 0 0 0 0 0 0 0 0 0 0 ]
Last = [ 0 0 0 0 0 0 0 0 0 0 0 0 0 0 0 0 0 0 0 0 ]
nS = 4
S = [ 1 0 0 0 0 0 1 0 0 0 0 0 1 0 0 0 0 0 1 0 ]
