n = 20 ; 
T = 24 ; 
Init = [ 0 0 1 1 1 1 0 1 0 0 0 1 1 1 1 0 0 0 1 0 ]
L = [ 10 5 3 4 10 7 9 10 7 4 9 9 5 5 3 3 4 8 5 9 ]
l = [ 10 5 3 4 10 7 9 10 7 4 9 9 5 5 3 3 4 8 5 9 ]
Pmin = [ 100 44 28 43 100 81 93 100 67 34 100 100 51 48 30 35 46 73 52 98 ]
Pmax = [ 100 44 28 43 100 81 93 100 67 34 100 100 51 48 30 35 46 73 52 98 ]
cf = [ 35.9927 42.9574 27.5491 63.2708 35.153 23.9673 43.3961 22.6666 31.0868 35.404 46.3447 68.3397 59.0278 56.2676 64.937 35.3359 32.0972 34.5559 60.6826 8.73896 ]
c0 = [ 250 125 81 135 250 218 244 250 186 93 250 250 148 148 96 103 137 186 155 250 ]
cp = [ 9.38869 20.4782 33.9976 27.4895 12.1516 21.9183 13.4702 10.1135 21.3744 32.1461 16.5836 11.2261 18.7976 35.4891 39.1273 35.5116 33.3991 16.0165 27.5507 11.5575 ]
D = [ 327 400 466 516 578 642 727 795 846 908 953 994 1072 1013 922 864 762 689 818 907 1037 852 704 547 ]
K = 21
nk = [ -1360000168 32585 -1360000168 32585 0 0 0 0 0 0 0 0 0 0 0 0 0 0 0 0 ]
First = [ 0 0 0 0 0 0 0 0 0 0 0 0 0 0 0 0 0 0 0 0 ]
Last = [ 0 0 0 0 0 0 0 0 0 0 0 0 0 0 0 0 0 0 0 0 ]
nS = 7
S = [ 1 0 0 0 1 1 1 0 0 1 0 0 0 1 0 0 0 1 0 0 ]
