n = 20 ; 
T = 24 ; 
Init = [ 1 1 1 1 1 0 0 0 0 0 1 0 1 0 0 0 0 1 1 0 ]
L = [ 7 10 2 2 9 5 6 8 6 4 4 8 7 3 5 7 8 5 9 6 ]
l = [ 7 10 2 2 9 5 6 8 6 4 4 8 7 3 5 7 8 5 9 6 ]
Pmin = [ 78 100 24 15 87 50 60 78 66 35 44 84 74 35 45 82 76 53 93 73 ]
Pmax = [ 78 100 24 15 87 50 60 78 66 35 44 84 74 35 45 82 76 53 93 73 ]
cf = [ 10.336 41.9798 28.7221 51.1749 8.33623 55.3905 34.1437 27.4438 45.8294 19.8174 23.1901 38.9138 61.2191 10.6914 61.5014 13.5433 28.7384 65.4754 36.2557 29.1907 ]
c0 = [ 218 250 86 54 225 137 156 205 169 102 135 232 211 109 141 216 211 143 245 187 ]
cp = [ 24.1619 8.08799 41.6367 40.1717 21.2237 22.3114 28.9526 17.203 24.0541 36.1463 22.8978 15.4689 13.8029 26.9986 32.5414 16.4749 16.8124 28.6132 17.2471 29.1002 ]
D = [ 270 352 426 472 515 618 663 731 773 836 920 949 1045 927 874 803 688 598 717 785 859 752 595 459 ]
K = 21
nk = [ -1360000168 32585 -1360000168 32585 0 0 0 0 0 0 0 0 0 0 0 0 0 0 0 0 ]
First = [ 0 0 0 0 0 0 0 0 0 0 0 0 0 0 0 0 0 0 0 0 ]
Last = [ 0 0 0 0 0 0 0 0 0 0 0 0 0 0 0 0 0 0 0 0 ]
nS = 6
S = [ 1 0 1 0 0 0 1 1 0 0 1 0 0 0 0 0 0 0 1 0 ]
