n = 20 ; 
T = 24 ; 
Init = [ 0 0 1 1 1 0 1 0 1 1 0 1 1 1 0 1 0 0 1 0 ]
L = [ 3 8 2 8 8 4 3 5 5 3 8 5 7 8 5 7 8 10 7 10 ]
l = [ 3 8 2 8 8 4 3 5 5 3 8 5 7 8 5 7 8 10 7 10 ]
Pmin = [ 29 88 18 91 98 39 29 45 47 29 92 55 69 86 46 76 92 100 66 100 ]
Pmax = [ 29 88 18 91 98 39 29 45 47 29 92 55 69 86 46 76 92 100 66 100 ]
cf = [ 31.6259 15.6434 50.921 47.7356 43.9426 69.2453 59.0089 39.7394 42.0262 26.1421 47.3667 16.5096 31.0101 12.0391 65.9933 41.462 54.2223 13.3432 29.2577 41.4275 ]
c0 = [ 94 224 63 246 249 119 84 136 141 84 249 160 177 238 129 215 250 250 173 250 ]
cp = [ 34.2653 12.3776 41.6198 23.1881 13.8791 33.233 32.6837 24.9888 25.6846 35.8356 22.2595 33.202 13.314 15.0357 35.2282 19.685 20.5229 8.33107 31.5977 8.12628 ]
D = [ 315 359 410 486 563 604 701 765 836 878 939 1030 1064 1003 886 801 705 615 735 817 913 759 599 459 ]
K = 21
nk = [ -1360000168 32585 -1360000168 32585 0 0 0 0 0 0 0 0 0 0 0 0 0 0 0 0 ]
First = [ 0 0 0 0 0 0 0 0 0 0 0 0 0 0 0 0 0 0 0 0 ]
Last = [ 0 0 0 0 0 0 0 0 0 0 0 0 0 0 0 0 0 0 0 0 ]
nS = 8
S = [ 1 0 0 0 0 1 0 1 1 0 0 1 0 1 0 0 1 0 0 1 ]
