n = 20 ; 
T = 24 ; 
Init = [ 1 1 0 0 0 1 1 0 1 0 1 0 0 0 1 1 0 0 0 1 ]
L = [ 10 8 6 6 3 2 3 8 10 10 7 9 9 6 4 7 3 8 9 10 ]
l = [ 10 8 6 6 3 2 3 8 10 10 7 9 9 6 4 7 3 8 9 10 ]
Pmin = [ 100 92 72 67 30 12 38 92 100 100 72 86 96 51 37 70 29 91 100 100 ]
Pmax = [ 100 92 72 67 30 12 38 92 100 100 72 86 96 51 37 70 29 91 100 100 ]
cf = [ 43.9316 37.464 39.839 64.7854 48.6555 45.005 68.6007 68.0697 34.1314 56.3405 49.8789 21.1561 13.645 34.9159 34.467 38.2177 27.561 15.4325 16.112 27.9754 ]
c0 = [ 250 237 201 176 92 59 116 246 250 250 205 224 250 148 102 184 98 248 250 250 ]
cp = [ 8.30357 19.2308 23.099 29.0049 37.5505 40.1879 39.1876 19.2113 8.93005 8.95401 16.9715 19.045 16.1842 11.6512 35.1192 14.9632 39.0784 21.7748 11.9317 9.36621 ]
D = [ 1104 162 940 1059 1222 1041 1390 1011 890 170 139 296 864 887 177 377 317 145 333 935 1269 1310 1258 1420 ]
K = 21
nk = [ 1961040728 32697 1961040728 32697 0 0 0 0 0 0 0 0 0 0 0 0 0 0 0 0 ]
First = [ 0 0 0 0 0 0 0 0 0 0 0 0 0 0 0 0 0 0 0 0 ]
Last = [ 0 0 0 0 0 0 0 0 0 0 0 0 0 0 0 0 0 0 0 0 ]
nS = 9
S = [ 1 0 0 0 0 1 1 0 1 0 1 0 1 0 0 0 0 1 1 1 ]
