n = 20 ; 
T = 24 ; 
Init = [ 1 0 1 0 1 0 1 1 0 1 1 1 0 1 0 1 0 1 1 0 ]
L = [ 7 9 6 6 7 6 3 5 3 8 5 9 4 3 2 6 9 3 2 6 ]
l = [ 7 9 6 6 7 6 3 5 3 8 5 9 4 3 2 6 9 3 2 6 ]
Pmin = [ 84 97 69 74 74 68 35 47 27 89 48 100 50 26 24 59 100 30 15 61 ]
Pmax = [ 84 97 69 74 74 68 35 47 27 89 48 100 50 26 24 59 100 30 15 61 ]
cf = [ 69.2314 42.5338 11.9157 61.715 19.2473 62.7311 63.2739 40.3754 29.6601 68.2729 10.8977 60.0534 8.99816 63.0219 14.5248 22.5124 39.1254 68.0138 15.994 58.4094 ]
c0 = [ 223 243 195 194 193 188 113 142 82 230 137 250 151 82 68 167 250 106 56 162 ]
cp = [ 21.2497 15.0443 27.9938 32.7621 15.5635 26.4481 36.5989 28.563 33.0658 23.0693 33.1311 8.83467 27.7155 38.2557 41.4794 28.6821 15.072 37.8952 41.2968 18.2943 ]
D = [ 284 338 373 458 484 557 630 684 734 797 867 902 966 889 833 750 677 611 686 755 850 728 607 473 ]
K = 21
nk = [ -1360000168 32585 -1360000168 32585 0 0 0 0 0 0 0 0 0 0 0 0 0 0 0 0 ]
First = [ 0 0 0 0 0 0 0 0 0 0 0 0 0 0 0 0 0 0 0 0 ]
Last = [ 0 0 0 0 0 0 0 0 0 0 0 0 0 0 0 0 0 0 0 0 ]
nS = 7
S = [ 1 0 0 0 1 0 1 0 0 0 0 1 0 0 0 1 0 1 1 0 ]
