n = 20 ; 
T = 24 ; 
Init = [ 0 0 0 0 0 0 1 1 0 1 1 1 0 0 1 0 0 1 0 1 ]
L = [ 7 10 4 9 2 9 7 6 5 7 5 6 2 2 5 9 2 5 2 5 ]
l = [ 7 10 4 9 2 9 7 6 5 7 5 6 2 2 5 9 2 5 2 5 ]
Pmin = [ 75 100 36 90 20 100 71 66 44 74 55 59 22 18 44 92 16 57 20 52 ]
Pmax = [ 75 100 36 90 20 100 71 66 44 74 55 59 22 18 44 92 16 57 20 52 ]
cf = [ 18.7855 63.707 40.6555 15.3734 12.0715 57.2338 21.1167 13.1651 24.2404 46.2366 33.7164 24.3688 27.3557 62.595 48.2067 33.0126 33.2407 60.6021 66.7128 43.1655 ]
c0 = [ 191 250 107 235 61 250 186 180 121 202 153 152 67 74 122 250 59 162 66 149 ]
cp = [ 24.883 9.71434 34.6094 13.3581 41.3689 9.53023 19.0061 28.2051 19.4252 29.9647 29.3594 36.4146 41.6585 38.2475 29.5426 14.2914 38.2228 25.8889 38.9379 30.3703 ]
D = [ 585 509 667 742 404 931 693 899 621 1079 511 829 968 1105 977 1058 879 115 55 72 807 527 379 55 ]
K = 21
nk = [ 0 0 0 0 0 0 0 0 0 0 0 0 0 0 0 0 0 0 0 0 ]
First = [ 0 0 0 0 0 0 0 0 0 0 0 0 0 0 0 0 0 0 0 0 ]
Last = [ 0 0 0 0 0 0 0 0 0 0 0 0 0 0 0 0 0 0 0 0 ]
nS = 5
S = [ 1 1 1 1 0 0 0 0 0 0 0 0 0 0 0 1 0 0 0 0 ]
