n = 20 ; 
T = 24 ; 
Init = [ 0 0 1 1 1 0 0 1 1 1 1 0 0 1 1 0 1 1 1 0 ]
L = [ 6 4 10 5 7 9 7 9 2 5 4 5 9 3 7 4 7 3 10 7 ]
l = [ 6 4 10 5 7 9 7 9 2 5 4 5 9 3 7 4 7 3 10 7 ]
Pmin = [ 68 36 100 53 76 92 68 99 20 40 42 45 100 34 72 45 79 30 100 78 ]
Pmax = [ 68 36 100 53 76 92 68 99 20 40 42 45 100 34 72 45 79 30 100 78 ]
cf = [ 55.4238 57.4247 54.5446 39.3825 29.2019 8.72936 58.8478 48.1263 38.2483 51.8898 42.8854 7.84509 32.1656 54.2354 63.4885 55.9124 31.3394 48.0619 66.867 27.517 ]
c0 = [ 184 111 250 156 201 245 191 250 80 116 111 120 250 106 193 141 218 92 250 206 ]
cp = [ 20.256 31.1649 8.37777 25.8623 11.6444 21.1329 29.9745 12.5841 41.8668 31.2922 30.2905 30.7997 13.6994 36.0575 27.4103 33.2039 26.6479 34.5001 9.59468 14.3855 ]
D = [ 42 1235 502 1006 829 1034 1002 673 357 544 1185 61 289 872 718 739 907 492 296 264 125 1023 281 635 ]
K = 21
nk = [ 1961040728 32697 1961040728 32697 0 0 0 0 0 0 0 0 0 0 0 0 0 0 0 0 ]
First = [ 0 0 0 0 0 0 0 0 0 0 0 0 0 0 0 0 0 0 0 0 ]
Last = [ 0 0 0 0 0 0 0 0 0 0 0 0 0 0 0 0 0 0 0 0 ]
nS = 6
S = [ 1 0 0 0 1 0 0 1 1 0 0 1 0 1 0 0 0 0 0 0 ]
