n = 20 ; 
T = 24 ; 
Init = [ 0 1 1 1 1 0 1 0 1 1 1 1 1 1 0 1 1 1 0 1 ]
L = [ 8 6 5 3 10 7 4 7 6 6 5 9 3 2 7 3 4 7 6 9 ]
l = [ 8 6 5 3 10 7 4 7 6 6 5 9 3 2 7 3 4 7 6 9 ]
Pmin = [ 88 63 55 33 100 72 43 79 58 62 50 100 29 18 75 28 47 73 68 100 ]
Pmax = [ 88 63 55 33 100 72 43 79 58 62 50 100 29 18 75 28 47 73 68 100 ]
cf = [ 65.1099 40.8117 38.435 12.4285 46.6171 48.9712 35.5756 20.3612 13.1519 10.2292 61.9085 65.294 56.3188 11.1537 45.5225 68.724 7.21264 20.5416 15.6747 13.9749 ]
c0 = [ 239 178 148 106 250 203 128 203 153 171 150 250 86 68 207 95 131 196 182 250 ]
cp = [ 12.4515 30.7221 28.729 34.9526 8.99793 13.4774 18.9026 14.0842 14.2277 33.4498 20.1888 13.1581 25.7212 41.1361 24.8835 39.1326 29.1813 16.1676 33.4373 11.091 ]
D = [ 861 1 446 1210 744 98 918 1220 717 218 90 621 884 709 728 423 295 50 687 416 113 527 323 1085 ]
K = 21
nk = [ 1961040728 32697 1961040728 32697 0 0 0 0 0 0 0 0 0 0 0 0 0 0 0 0 ]
First = [ 0 0 0 0 0 0 0 0 0 0 0 0 0 0 0 0 0 0 0 0 ]
Last = [ 0 0 0 0 0 0 0 0 0 0 0 0 0 0 0 0 0 0 0 0 ]
nS = 5
S = [ 1 0 0 1 0 0 1 0 0 0 0 0 0 0 0 1 1 0 0 0 ]
