n = 20 ; 
T = 24 ; 
Init = [ 1 1 1 1 0 1 0 1 1 1 0 1 1 0 1 1 1 0 1 0 ]
L = [ 7 4 5 9 5 7 3 8 3 10 3 6 6 8 6 3 9 5 8 5 ]
l = [ 7 4 5 9 5 7 3 8 3 10 3 6 6 8 6 3 9 5 8 5 ]
Pmin = [ 76 46 62 98 52 71 35 88 21 100 27 58 58 90 58 30 100 56 88 55 ]
Pmax = [ 76 46 62 98 52 71 35 88 21 100 27 58 58 90 58 30 100 56 88 55 ]
cf = [ 34.0146 51.5751 28.4892 43.7932 22.9692 36.6427 22.7455 20.7258 25.0327 67.0031 19.7159 22.5131 58.7684 10.1169 14.7813 32.5984 7.31446 54.0075 9.43275 47.415 ]
c0 = [ 214 140 179 250 149 201 108 235 75 250 80 156 151 245 153 93 250 165 225 148 ]
cp = [ 21.1681 36.2036 29.5612 24.668 27.2589 25.1151 37.8959 12.6226 36.5656 12.868 36.9102 26.8513 25.1163 17.8325 30.7496 40.2809 19.3572 36.0693 28.239 32.5374 ]
D = [ 276 378 428 464 527 632 678 755 791 849 959 1006 1053 958 906 782 700 599 688 802 889 767 634 482 ]
K = 21
nk = [ -1360000168 32585 -1360000168 32585 0 0 0 0 0 0 0 0 0 0 0 0 0 0 0 0 ]
First = [ 0 0 0 0 0 0 0 0 0 0 0 0 0 0 0 0 0 0 0 0 ]
Last = [ 0 0 0 0 0 0 0 0 0 0 0 0 0 0 0 0 0 0 0 0 ]
nS = 3
S = [ 1 1 0 0 0 0 0 0 0 0 0 0 0 0 0 0 1 0 0 0 ]
