n = 20 ; 
T = 24 ; 
Init = [ 0 0 1 1 1 0 1 1 1 1 0 0 1 0 0 1 1 1 0 0 ]
L = [ 9 3 6 3 7 6 5 9 3 7 3 7 7 6 9 2 2 7 7 4 ]
l = [ 9 3 6 3 7 6 5 9 3 7 3 7 7 6 9 2 2 7 7 4 ]
Pmin = [ 100 29 66 27 84 60 51 92 33 78 35 76 77 64 100 18 24 72 73 37 ]
Pmax = [ 100 29 66 27 84 60 51 92 33 78 35 76 77 64 100 18 24 72 73 37 ]
cf = [ 34.4321 18.7083 35.2286 57.0952 53.4477 24.284 7.76978 36.4331 21.5672 28.2367 48.1418 13.0665 28.2135 43.1439 58.4012 17.6985 42.5568 59.5545 67.4698 58.9787 ]
c0 = [ 250 103 188 91 231 176 134 249 95 209 96 198 214 181 250 66 85 194 198 115 ]
cp = [ 10.776 36.0493 31.9787 39.119 19.8515 28.5171 19.5115 21.8577 35.8547 19.1685 39.8927 17.0807 26.2898 28.3638 9.80767 38.2562 41.4793 14.3497 29.8269 32.496 ]
D = [ 267 358 400 468 511 561 618 697 760 833 861 950 1010 916 801 722 643 549 690 830 908 772 589 434 ]
K = 21
nk = [ -1360000168 32585 -1360000168 32585 0 0 0 0 0 0 0 0 0 0 0 0 0 0 0 0 ]
First = [ 0 0 0 0 0 0 0 0 0 0 0 0 0 0 0 0 0 0 0 0 ]
Last = [ 0 0 0 0 0 0 0 0 0 0 0 0 0 0 0 0 0 0 0 0 ]
nS = 5
S = [ 1 0 1 0 0 1 0 0 0 1 0 0 0 0 0 0 1 0 0 0 ]
