n = 20 ; 
T = 24 ; 
Init = [ 1 1 0 1 1 0 1 1 1 1 1 1 1 1 0 0 1 0 0 1 ]
L = [ 6 8 9 8 4 10 6 8 9 5 8 10 5 7 10 6 9 4 3 9 ]
l = [ 6 8 9 8 4 10 6 8 9 5 8 10 5 7 10 6 9 4 3 9 ]
Pmin = [ 62 81 100 83 38 100 64 83 96 44 76 100 46 81 100 61 95 50 25 96 ]
Pmax = [ 62 81 100 83 38 100 64 83 96 44 76 100 46 81 100 61 95 50 25 96 ]
cf = [ 37.15 28.7913 9.70462 54.0392 10.5254 40.6979 32.1263 62.5521 19.2695 20.2767 22.6598 68.0134 15.9914 42.2373 33.1117 63.2131 35.461 22.8359 9.41279 13.2162 ]
c0 = [ 177 224 250 220 119 250 183 212 250 118 208 250 128 215 250 163 250 139 72 250 ]
cp = [ 24.1313 9.34931 13.473 16.8906 29.8457 8.98606 29.7317 20.7585 12.4168 30.6891 13.5637 8.2701 26.6109 29.6991 8.49085 27.9735 20.8967 27.4672 38.0957 10.0662 ]
D = [ 594 1126 192 1042 306 1000 20 115 176 37 994 884 549 1058 509 632 369 1100 457 657 1412 825 611 142 ]
K = 21
nk = [ 1961040728 32697 1961040728 32697 0 0 0 0 0 0 0 0 0 0 0 0 0 0 0 0 ]
First = [ 0 0 0 0 0 0 0 0 0 0 0 0 0 0 0 0 0 0 0 0 ]
Last = [ 0 0 0 0 0 0 0 0 0 0 0 0 0 0 0 0 0 0 0 0 ]
nS = 8
S = [ 1 0 0 0 0 0 0 0 0 1 0 0 1 0 1 1 1 0 1 1 ]
