n = 20 ; 
T = 24 ; 
Init = [ 0 1 1 0 1 0 0 0 0 1 0 1 1 1 1 0 0 0 0 0 ]
L = [ 4 3 3 4 8 2 7 5 6 8 3 6 5 6 2 6 5 10 6 4 ]
l = [ 4 3 3 4 8 2 7 5 6 8 3 6 5 6 2 6 5 10 6 4 ]
Pmin = [ 47 34 29 37 87 16 70 50 63 89 25 63 52 70 18 62 48 100 69 40 ]
Pmax = [ 47 34 29 37 87 16 70 50 63 89 25 63 52 70 18 62 48 100 69 40 ]
cf = [ 59.6912 59.4411 11.9981 42.6458 57.6189 18.1684 13.2594 58.8351 27.9381 49.6919 57.8509 9.55184 43.0179 22.6751 54.6872 53.1107 42.0268 25.0777 17.3657 16.3363 ]
c0 = [ 138 112 91 116 222 55 190 140 174 228 89 162 137 193 61 166 131 250 187 113 ]
cp = [ 33.9377 38.617 36.4149 32.5747 22.0343 40.1963 15.2012 26.0918 33.0193 15.3506 32.4127 24.1676 31.3296 25.4483 41.8781 18.4309 26.5806 8.30928 21.4162 38.4602 ]
D = [ 449 26 167 495 817 561 858 19 991 377 350 816 198 434 352 1057 624 458 867 979 114 661 1023 725 ]
K = 21
nk = [ 1961040728 32697 1961040728 32697 0 0 0 0 0 0 0 0 0 0 0 0 0 0 0 0 ]
First = [ 0 0 0 0 0 0 0 0 0 0 0 0 0 0 0 0 0 0 0 0 ]
Last = [ 0 0 0 0 0 0 0 0 0 0 0 0 0 0 0 0 0 0 0 0 ]
nS = 10
S = [ 1 0 1 0 1 1 1 0 1 0 0 0 1 1 0 0 0 0 1 1 ]
