n = 20 ; 
T = 24 ; 
Init = [ 0 0 0 1 0 0 0 0 0 0 1 0 1 1 1 0 1 0 0 1 ]
L = [ 6 8 4 6 7 4 7 4 6 3 4 8 9 2 9 8 9 8 6 8 ]
l = [ 6 8 4 6 7 4 7 4 6 3 4 8 9 2 9 8 9 8 6 8 ]
Pmin = [ 56 91 37 73 79 35 81 50 61 37 46 83 90 14 92 84 99 79 66 88 ]
Pmax = [ 56 91 37 73 79 35 81 50 61 37 46 83 90 14 92 84 99 79 66 88 ]
cf = [ 51.2722 41.3645 33.5107 18.3888 56.4583 45.1382 50.1688 23.4136 67.5837 62.5426 41.0304 13.4155 65.0642 24.6797 38.0272 7.90761 37.0963 43.8979 22.4405 13.8162 ]
c0 = [ 148 230 116 193 202 99 206 135 170 113 125 226 230 60 247 213 249 216 170 226 ]
cp = [ 29.2951 11.215 31.3912 28.407 16.2051 32.9871 16.9418 32.9034 21.008 38.3808 27.148 26.8855 20.0427 40.2735 13.5882 17.3384 10.2044 20.6315 23.3469 8.90018 ]
D = [ 310 372 423 502 583 641 694 767 871 911 1016 1057 1155 1022 938 871 773 666 777 833 980 828 671 532 ]
K = 21
nk = [ -1360000168 32585 -1360000168 32585 0 0 0 0 0 0 0 0 0 0 0 0 0 0 0 0 ]
First = [ 0 0 0 0 0 0 0 0 0 0 0 0 0 0 0 0 0 0 0 0 ]
Last = [ 0 0 0 0 0 0 0 0 0 0 0 0 0 0 0 0 0 0 0 0 ]
nS = 5
S = [ 1 0 0 0 1 1 0 0 0 0 0 0 0 1 0 0 0 0 0 1 ]
