n = 20 ; 
T = 24 ; 
Init = [ 1 1 0 0 0 0 0 0 0 0 0 0 0 0 0 0 0 1 1 1 ]
L = [ 9 9 3 3 3 8 8 8 8 8 8 2 2 2 2 8 8 7 7 7 ]
l = [ 9 9 3 3 3 8 8 8 8 8 8 2 2 2 2 8 8 7 7 7 ]
Pmin = [ 100 100 32 32 32 84 84 84 84 84 84 28 28 28 28 87 87 78 78 78 ]
Pmax = [ 398 398 86 86 86 340 340 340 340 340 340 74 74 74 74 333 333 302 302 302 ]
cf = [ 15.4008 15.4008 19.8148 19.8148 19.8148 58.6498 58.6498 58.6498 58.6498 58.6498 58.6498 59.3719 59.3719 59.3719 59.3719 27.6279 27.6279 20.7613 20.7613 20.7613 ]
c0 = [ 251 254 102 103 104 221 224 227 231 237 243 79 79 81 82 232 234 201 203 206 ]
cp = [ 9.67874 9.67874 32.5033 32.5033 32.5033 20.9307 20.9307 20.9307 20.9307 20.9307 20.9307 36.695 36.695 36.695 36.695 9.96508 9.96508 21.6763 21.6763 21.6763 ]
D = [ 4080 4540 3856 2762 951 1967 500 293 1226 623 1272 1887 1632 379 1050 3257 1462 2150 236 649 3337 3582 98 2648 ]
K = 6
nk = [ 1 1 2 2 2 3 3 3 3 3 3 4 4 4 4 5 5 6 6 6 ]
First = [ 1 0 1 0 0 1 0 0 0 0 0 1 0 0 0 1 0 1 0 0 ]
Last = [ 0 1 0 0 1 0 0 0 0 0 1 0 0 0 1 0 1 0 0 1 ]
nS = 3
S = [ 1 0 1 0 0 1 0 0 0 0 0 0 0 0 0 0 0 0 0 0 ]
