n = 20 ; 
T = 24 ; 
Init = [ 0 0 0 0 1 0 0 0 0 0 0 1 1 1 0 0 1 0 0 0 ]
L = [ 5 5 5 5 3 10 10 10 10 10 6 8 8 8 8 8 8 6 5 5 ]
l = [ 5 5 5 5 3 10 10 10 10 10 6 8 8 8 8 8 8 6 5 5 ]
Pmin = [ 56 56 56 56 34 100 100 100 100 100 63 82 82 82 80 80 84 60 51 51 ]
Pmax = [ 191 191 191 191 95 420 420 420 420 420 234 316 316 316 321 321 316 236 184 184 ]
cf = [ 8.72334 8.72334 8.72334 8.72334 19.3354 26.4621 26.4621 26.4621 26.4621 26.4621 16.0272 44.6827 44.6827 44.6827 38.2634 38.2634 41.4215 16.5865 15.7278 15.7278 ]
c0 = [ 165 166 169 172 95 251 254 258 263 269 185 219 222 225 219 221 222 177 148 149 ]
cp = [ 26.0362 26.0362 26.0362 26.0362 36.089 12.3746 12.3746 12.3746 12.3746 12.3746 30.0012 16.8358 16.8358 16.8358 16.1705 16.1705 23.9098 19.9167 31.7915 31.7915 ]
D = [ 437 4008 4027 3725 38 5635 4736 3578 443 1764 4628 599 2881 687 1417 589 3517 4533 1457 4307 1281 5036 4117 4428 ]
K = 9
nk = [ 1 1 1 1 2 3 3 3 3 3 4 5 5 5 6 6 7 8 9 9 ]
First = [ 1 0 0 0 1 1 0 0 0 0 1 1 0 0 1 0 1 1 1 0 ]
Last = [ 0 0 0 1 1 0 0 0 0 1 1 0 0 1 0 1 1 1 0 1 ]
nS = 5
S = [ 1 0 0 0 0 1 0 0 0 0 0 0 0 0 0 0 1 1 1 0 ]
