n = 20 ; 
T = 24 ; 
Init = [ 0 0 0 0 0 0 1 1 1 1 1 1 1 1 1 1 1 1 1 0 ]
L = [ 10 10 6 6 6 6 7 7 7 7 7 7 9 9 9 7 7 7 7 4 ]
l = [ 10 10 6 6 6 6 7 7 7 7 7 7 9 9 9 7 7 7 7 4 ]
Pmin = [ 100 100 72 72 72 72 80 80 80 80 80 80 100 100 100 73 73 73 73 44 ]
Pmax = [ 420 420 274 274 274 274 297 297 297 297 297 297 420 420 420 279 279 279 279 162 ]
cf = [ 14.2539 14.2539 31.7344 31.7344 31.7344 31.7344 50.2716 50.2716 50.2716 50.2716 50.2716 50.2716 16.1448 16.1448 16.1448 12.0466 12.0466 12.0466 12.0466 16.379 ]
c0 = [ 251 254 187 189 191 195 222 224 228 232 237 244 251 254 258 208 210 213 217 117 ]
cp = [ 10.1265 10.1265 20.441 20.441 20.441 20.441 16.7018 16.7018 16.7018 16.7018 16.7018 16.7018 9.93642 9.93642 9.93642 21.1744 21.1744 21.1744 21.1744 34.2758 ]
D = [ 5028 2552 5186 5366 2043 5478 3104 3947 4539 2143 4850 5259 4599 2891 6167 5100 3822 2477 2254 2083 4728 3010 4233 1391 ]
K = 6
nk = [ 1 1 2 2 2 2 3 3 3 3 3 3 4 4 4 5 5 5 5 6 ]
First = [ 1 0 1 0 0 0 1 0 0 0 0 0 1 0 0 1 0 0 0 1 ]
Last = [ 0 1 0 0 0 1 0 0 0 0 0 1 0 0 1 0 0 0 1 1 ]
nS = 3
S = [ 1 0 1 0 0 0 0 0 0 0 0 0 1 0 0 0 0 0 0 0 ]
