n = 20 ; 
T = 24 ; 
Init = [ 1 1 1 0 0 0 1 1 1 1 1 1 1 1 0 0 0 1 1 1 ]
L = [ 8 8 8 9 9 9 2 2 10 10 10 10 10 10 8 8 8 6 6 6 ]
l = [ 8 8 8 9 9 9 2 2 10 10 10 10 10 10 8 8 8 6 6 6 ]
Pmin = [ 87 87 87 100 100 100 17 17 100 100 100 100 100 100 91 91 91 61 61 61 ]
Pmax = [ 334 334 334 408 408 408 40 40 420 420 420 420 420 420 348 348 348 214 214 214 ]
cf = [ 7.17093 7.17093 7.17093 62.8637 62.8637 62.8637 40.3419 40.3419 68.4213 68.4213 68.4213 68.4213 68.4213 68.4213 14.1811 14.1811 14.1811 22.7735 22.7735 22.7735 ]
c0 = [ 236 238 242 251 254 258 68 69 251 254 258 263 269 276 234 236 240 167 169 171 ]
cp = [ 21.7662 21.7662 21.7662 11.7043 11.7043 11.7043 40.4993 40.4993 10.0855 10.0855 10.0855 10.0855 10.0855 10.0855 19.4152 19.4152 19.4152 27.2575 27.2575 27.2575 ]
D = [ 3508 2717 3331 1554 3759 60 5119 4167 5062 4875 5619 5080 4137 2553 4917 4880 4184 4408 2013 5946 194 3487 6032 2833 ]
K = 6
nk = [ 1 1 1 2 2 2 3 3 4 4 4 4 4 4 5 5 5 6 6 6 ]
First = [ 1 0 0 1 0 0 1 0 1 0 0 0 0 0 1 0 0 1 0 0 ]
Last = [ 0 0 1 0 0 1 0 1 0 0 0 0 0 1 0 0 1 0 0 1 ]
nS = 2
S = [ 1 0 0 0 0 0 0 0 1 0 0 0 0 0 0 0 0 0 0 0 ]
