n = 20 ; 
T = 24 ; 
Init = [ 1 1 1 1 1 1 1 1 1 1 1 1 1 0 0 0 0 0 0 0 ]
L = [ 9 9 9 9 9 3 3 3 10 10 10 10 10 3 3 3 3 8 8 8 ]
l = [ 9 9 9 9 9 3 3 3 10 10 10 10 10 3 3 3 3 8 8 8 ]
Pmin = [ 96 96 96 96 96 35 35 35 100 100 100 100 100 33 33 33 33 95 95 95 ]
Pmax = [ 399 399 399 399 399 113 113 113 420 420 420 420 420 96 96 96 96 362 362 362 ]
cf = [ 34.2222 34.2222 34.2222 34.2222 34.2222 35.6219 35.6219 35.6219 52.6261 52.6261 52.6261 52.6261 52.6261 50.3428 50.3428 50.3428 50.3428 49.9815 49.9815 49.9815 ]
c0 = [ 251 254 258 263 269 107 108 109 251 254 258 263 269 106 107 109 111 245 247 251 ]
cp = [ 13.3992 13.3992 13.3992 13.3992 13.3992 31.17 31.17 31.17 8.55018 8.55018 8.55018 8.55018 8.55018 31.196 31.196 31.196 31.196 13.092 13.092 13.092 ]
D = [ 87 148 2475 5748 4112 1006 4931 1114 5257 4103 5444 1904 881 3816 62 4909 5015 2359 2475 4884 2618 2491 1163 65 ]
K = 5
nk = [ 1 1 1 1 1 2 2 2 3 3 3 3 3 4 4 4 4 5 5 5 ]
First = [ 1 0 0 0 0 1 0 0 1 0 0 0 0 1 0 0 0 1 0 0 ]
Last = [ 0 0 0 0 1 0 0 1 0 0 0 0 1 0 0 0 1 0 0 1 ]
nS = 2
S = [ 1 0 0 0 0 0 0 0 0 0 0 0 0 0 0 0 0 1 0 0 ]
