n = 20 ; 
T = 24 ; 
Init = [ 0 0 0 0 0 0 1 1 1 1 1 0 0 1 1 0 0 0 0 0 ]
L = [ 8 8 8 8 8 8 10 10 10 10 10 6 6 6 6 6 6 6 6 6 ]
l = [ 8 8 8 8 8 8 10 10 10 10 10 6 6 6 6 6 6 6 6 6 ]
Pmin = [ 92 92 92 92 92 92 100 100 100 100 100 67 67 66 66 62 62 58 58 58 ]
Pmax = [ 361 361 361 361 361 361 420 420 420 420 420 275 275 268 268 248 248 215 215 215 ]
cf = [ 31.9379 31.9379 31.9379 31.9379 31.9379 31.9379 47.8982 47.8982 47.8982 47.8982 47.8982 67.325 67.325 60.8099 60.8099 42.3932 42.3932 17.8645 17.8645 17.8645 ]
c0 = [ 234 236 239 244 250 257 251 254 258 263 269 181 183 190 192 171 173 152 153 156 ]
cp = [ 13.4802 13.4802 13.4802 13.4802 13.4802 13.4802 8.37641 8.37641 8.37641 8.37641 8.37641 28.9756 28.9756 17.6803 17.6803 26.2177 26.2177 30.1204 30.1204 30.1204 ]
D = [ 5932 2717 2082 1697 477 5218 4997 1979 3071 2978 225 5641 700 6442 4694 4348 1069 4264 1102 1263 6164 4943 1942 3292 ]
K = 6
nk = [ 1 1 1 1 1 1 2 2 2 2 2 3 3 4 4 5 5 6 6 6 ]
First = [ 1 0 0 0 0 0 1 0 0 0 0 1 0 1 0 1 0 1 0 0 ]
Last = [ 0 0 0 0 0 1 0 0 0 0 1 0 1 0 1 0 1 0 0 1 ]
nS = 6
S = [ 1 0 0 0 0 0 1 0 0 0 0 1 0 1 0 1 0 1 0 0 ]
