n = 20 ; 
T = 24 ; 
Init = [ 0 0 0 0 0 0 0 0 1 1 1 1 1 1 0 0 0 0 0 0 ]
L = [ 9 9 9 3 3 3 3 3 10 10 10 10 10 10 9 9 9 9 9 4 ]
l = [ 9 9 9 3 3 3 3 3 10 10 10 10 10 10 9 9 9 9 9 4 ]
Pmin = [ 94 94 94 26 26 26 26 26 100 100 100 100 100 100 96 96 96 96 96 46 ]
Pmax = [ 391 391 391 95 95 95 95 95 420 420 420 420 420 420 401 401 401 401 401 160 ]
cf = [ 40.8563 40.8563 40.8563 16.1152 16.1152 16.1152 16.1152 16.1152 48.2487 48.2487 48.2487 48.2487 48.2487 48.2487 26.7152 26.7152 26.7152 26.7152 26.7152 10.6416 ]
c0 = [ 251 254 258 92 93 94 96 98 251 254 258 263 269 276 250 252 256 261 267 133 ]
cp = [ 12.9082 12.9082 12.9082 38.6755 38.6755 38.6755 38.6755 38.6755 8.32387 8.32387 8.32387 8.32387 8.32387 8.32387 9.19387 9.19387 9.19387 9.19387 9.19387 25.4057 ]
D = [ 448 5637 955 346 911 438 3968 2282 553 5163 3595 3956 6079 1408 5938 112 3414 27 1327 2864 1730 5087 932 2095 ]
K = 5
nk = [ 1 1 1 2 2 2 2 2 3 3 3 3 3 3 4 4 4 4 4 5 ]
First = [ 1 0 0 1 0 0 0 0 1 0 0 0 0 0 1 0 0 0 0 1 ]
Last = [ 0 0 1 0 0 0 0 1 0 0 0 0 0 1 0 0 0 0 1 1 ]
nS = 5
S = [ 1 0 0 1 0 0 0 0 1 0 0 0 0 0 1 0 0 0 0 1 ]
