n = 20 ; 
T = 24 ; 
Init = [ 0 0 0 0 1 0 0 0 0 1 1 1 1 1 0 0 0 0 1 1 ]
L = [ 9 9 9 9 4 3 3 3 3 10 10 10 10 10 9 9 9 9 6 6 ]
l = [ 9 9 9 9 4 3 3 3 3 10 10 10 10 10 9 9 9 9 6 6 ]
Pmin = [ 94 94 94 94 41 24 24 24 24 100 100 100 100 100 95 95 95 95 62 62 ]
Pmax = [ 392 392 392 392 158 82 82 82 82 417 417 417 417 417 378 378 378 378 241 241 ]
cf = [ 37.32 37.32 37.32 37.32 51.9127 26.8619 26.8619 26.8619 26.8619 57.8699 57.8699 57.8699 57.8699 57.8699 64.9465 64.9465 64.9465 64.9465 9.29832 9.29832 ]
c0 = [ 246 248 252 257 119 72 73 74 76 251 254 258 263 269 251 254 258 263 176 178 ]
cp = [ 10.5417 10.5417 10.5417 10.5417 36.6555 26.092 26.092 26.092 26.092 10.8429 10.8429 10.8429 10.8429 10.8429 14.3272 14.3272 14.3272 14.3272 20.6878 20.6878 ]
D = [ 1946 4097 3416 3877 2320 5621 2489 2810 4915 3373 1985 1734 1612 3919 553 1120 4143 4778 6035 2123 1511 2991 2864 864 ]
K = 6
nk = [ 1 1 1 1 2 3 3 3 3 4 4 4 4 4 5 5 5 5 6 6 ]
First = [ 1 0 0 0 1 1 0 0 0 1 0 0 0 0 1 0 0 0 1 0 ]
Last = [ 0 0 0 1 1 0 0 0 1 0 0 0 0 1 0 0 0 1 0 1 ]
nS = 6
S = [ 1 0 0 0 1 1 0 0 0 1 0 0 0 0 1 0 0 0 1 0 ]
