n = 20 ; 
T = 24 ; 
Init = [ 1 1 1 1 1 0 0 0 0 0 0 1 1 1 1 1 1 1 1 1 ]
L = [ 8 8 4 4 4 9 9 9 9 9 9 4 4 4 9 9 9 9 3 3 ]
l = [ 8 8 4 4 4 9 9 9 9 9 9 4 4 4 9 9 9 9 3 3 ]
Pmin = [ 87 87 34 34 34 100 100 100 100 100 100 41 41 41 94 94 94 94 30 30 ]
Pmax = [ 339 339 103 103 103 390 390 390 390 390 390 142 142 142 381 381 381 381 84 84 ]
cf = [ 27.8265 27.8265 11.8193 11.8193 11.8193 45.7387 45.7387 45.7387 45.7387 45.7387 45.7387 24.5457 24.5457 24.5457 56.9065 56.9065 56.9065 56.9065 48.2792 48.2792 ]
c0 = [ 223 225 113 114 116 251 254 258 263 269 276 115 116 118 242 245 248 253 104 105 ]
cp = [ 28.4617 28.4617 38.7583 38.7583 38.7583 9.30034 9.30034 9.30034 9.30034 9.30034 9.30034 34.1961 34.1961 34.1961 12.1439 12.1439 12.1439 12.1439 39.9248 39.9248 ]
D = [ 2685 4552 3678 5397 4877 3431 4165 3946 816 4620 2812 2616 5036 715 4132 3905 4283 2327 743 3000 1709 3661 2348 887 ]
K = 6
nk = [ 1 1 2 2 2 3 3 3 3 3 3 4 4 4 5 5 5 5 6 6 ]
First = [ 1 0 1 0 0 1 0 0 0 0 0 1 0 0 1 0 0 0 1 0 ]
Last = [ 0 1 0 0 1 0 0 0 0 0 1 0 0 1 0 0 0 1 0 1 ]
nS = 6
S = [ 1 0 1 0 0 1 0 0 0 0 0 1 0 0 1 0 0 0 1 0 ]
