n = 20 ; 
T = 24 ; 
Init = [ 0 0 0 1 1 1 1 1 0 0 0 1 1 1 1 1 1 1 1 1 ]
L = [ 6 6 6 8 8 8 8 5 4 4 4 7 7 7 7 7 7 3 3 3 ]
l = [ 6 6 6 8 8 8 8 5 4 4 4 7 7 7 7 7 7 3 3 3 ]
Pmin = [ 59 59 59 89 89 89 89 57 44 44 44 71 71 71 71 71 71 30 30 30 ]
Pmax = [ 226 226 226 355 355 355 355 196 172 172 172 266 266 266 266 266 266 81 81 81 ]
cf = [ 34.8081 34.8081 34.8081 7.66876 7.66876 7.66876 7.66876 46.5512 10.1778 10.1778 10.1778 46.6359 46.6359 46.6359 46.6359 46.6359 46.6359 39.4835 39.4835 39.4835 ]
c0 = [ 170 172 175 230 232 235 240 149 120 121 123 198 200 203 207 212 218 86 87 88 ]
cp = [ 18.6973 18.6973 18.6973 14.2564 14.2564 14.2564 14.2564 33.2461 33.2992 33.2992 33.2992 18.3711 18.3711 18.3711 18.3711 18.3711 18.3711 37.7549 37.7549 37.7549 ]
D = [ 3997 1549 2952 2994 1682 2212 764 1212 2703 3353 3679 106 3402 1949 341 1678 4346 3475 615 315 2861 2208 4565 3393 ]
K = 6
nk = [ 1 1 1 2 2 2 2 3 4 4 4 5 5 5 5 5 5 6 6 6 ]
First = [ 1 0 0 1 0 0 0 1 1 0 0 1 0 0 0 0 0 1 0 0 ]
Last = [ 0 0 1 0 0 0 1 1 0 0 1 0 0 0 0 0 1 0 0 1 ]
nS = 6
S = [ 1 0 0 1 0 0 0 1 1 0 0 1 0 0 0 0 0 1 0 0 ]
