n = 20 ; 
T = 24 ; 
Init = [ 0 0 1 1 1 1 0 0 0 1 1 1 1 1 1 1 1 1 1 1 ]
L = [ 9 9 8 8 8 8 10 10 10 6 6 6 10 10 10 10 10 4 4 4 ]
l = [ 9 9 8 8 8 8 10 10 10 6 6 6 10 10 10 10 10 4 4 4 ]
Pmin = [ 95 95 90 90 90 90 100 100 100 64 64 64 100 100 100 100 100 39 39 39 ]
Pmax = [ 382 382 374 374 374 374 420 420 420 256 256 256 409 409 409 409 409 148 148 148 ]
cf = [ 66.2117 66.2117 10.5036 10.5036 10.5036 10.5036 22.928 22.928 22.928 30.3131 30.3131 30.3131 10.2592 10.2592 10.2592 10.2592 10.2592 30.9636 30.9636 30.9636 ]
c0 = [ 251 254 242 245 249 253 251 254 258 180 182 184 251 254 258 263 269 113 115 116 ]
cp = [ 11.6013 11.6013 11.9315 11.9315 11.9315 11.9315 8.06583 8.06583 8.06583 30.2469 30.2469 30.2469 12.7285 12.7285 12.7285 12.7285 12.7285 27.4906 27.4906 27.4906 ]
D = [ 477 131 1786 2441 5775 2236 3379 6136 4744 5117 5120 4336 5493 57 67 5844 2634 6037 4010 6199 4870 3215 2173 1292 ]
K = 6
nk = [ 1 1 2 2 2 2 3 3 3 4 4 4 5 5 5 5 5 6 6 6 ]
First = [ 1 0 1 0 0 0 1 0 0 1 0 0 1 0 0 0 0 1 0 0 ]
Last = [ 0 1 0 0 0 1 0 0 1 0 0 1 0 0 0 0 1 0 0 1 ]
nS = 6
S = [ 1 0 1 0 0 0 1 0 0 1 0 0 1 0 0 0 0 1 0 0 ]
