n = 20 ; 
T = 24 ; 
Init = [ 0 0 0 1 1 1 1 1 1 1 1 0 0 0 0 0 0 0 0 0 ]
L = [ 10 10 10 3 4 3 3 3 3 3 3 9 9 10 10 10 10 10 3 3 ]
l = [ 10 10 10 3 4 3 3 3 3 3 3 9 9 10 10 10 10 10 3 3 ]
Pmin = [ 100 100 100 39 34 32 32 32 32 32 32 100 100 100 100 100 100 100 36 36 ]
Pmax = [ 409 409 409 117 112 105 105 105 105 105 105 387 387 420 420 420 420 420 103 103 ]
cf = [ 9.88128 9.88128 9.88128 57.9423 48.4834 46.6271 46.6271 46.6271 46.6271 46.6271 46.6271 17.365 17.365 57.1293 57.1293 57.1293 57.1293 57.1293 59.9551 59.9551 ]
c0 = [ 251 254 258 112 97 103 104 106 108 110 113 251 254 251 254 258 263 269 101 102 ]
cp = [ 9.58078 9.58078 9.58078 37.1256 27.483 34.3306 34.3306 34.3306 34.3306 34.3306 34.3306 15.2274 15.2274 10.3601 10.3601 10.3601 10.3601 10.3601 36.2579 36.2579 ]
D = [ 1952 3746 2367 4442 3383 4043 1507 4822 486 717 4453 722 4894 2688 3972 578 1633 3148 2848 2909 4706 3979 2839 3026 ]
K = 7
nk = [ 1 1 1 2 3 4 4 4 4 4 4 5 5 6 6 6 6 6 7 7 ]
First = [ 1 0 0 1 1 1 0 0 0 0 0 1 0 1 0 0 0 0 1 0 ]
Last = [ 0 0 1 1 1 0 0 0 0 0 1 0 1 0 0 0 0 1 0 1 ]
nS = 7
S = [ 1 0 0 1 1 1 0 0 0 0 0 1 0 1 0 0 0 0 1 0 ]
