n = 20 ; 
T = 24 ; 
Init = [ 0 0 0 0 0 0 0 0 0 0 1 1 1 0 0 0 1 1 1 1 ]
L = [ 2 4 4 4 4 4 5 5 5 5 4 4 4 9 9 9 3 3 3 3 ]
l = [ 2 4 4 4 4 4 5 5 5 5 4 4 4 9 9 9 3 3 3 3 ]
Pmin = [ 21 41 41 41 41 41 47 47 47 47 39 39 39 100 100 100 29 29 29 29 ]
Pmax = [ 60 149 149 149 149 149 185 185 185 185 141 141 141 420 420 420 111 111 111 111 ]
cf = [ 24.8314 60.0914 60.0914 60.0914 60.0914 60.0914 10.3931 10.3931 10.3931 10.3931 32.5499 32.5499 32.5499 55.6827 55.6827 55.6827 64.2727 64.2727 64.2727 64.2727 ]
c0 = [ 66 128 129 131 133 136 145 146 148 151 110 112 113 251 254 258 84 85 86 88 ]
cp = [ 41.7593 29.4877 29.4877 29.4877 29.4877 29.4877 37.9087 37.9087 37.9087 37.9087 27.1969 27.1969 27.1969 8.51427 8.51427 8.51427 35.4834 35.4834 35.4834 35.4834 ]
D = [ 621 1010 1838 829 196 3504 3265 3086 2356 1663 3240 3395 1085 3438 1213 251 3104 2884 2359 10 2946 445 1434 2205 ]
K = 6
nk = [ 1 2 2 2 2 2 3 3 3 3 4 4 4 5 5 5 6 6 6 6 ]
First = [ 1 1 0 0 0 0 1 0 0 0 1 0 0 1 0 0 1 0 0 0 ]
Last = [ 1 0 0 0 0 1 0 0 0 1 0 0 1 0 0 1 0 0 0 1 ]
nS = 6
S = [ 1 1 0 0 0 0 1 0 0 0 1 0 0 1 0 0 1 0 0 0 ]
