n = 20 ; 
T = 24 ; 
Init = [ 0 0 1 1 1 1 1 1 1 1 1 1 1 1 1 1 1 0 0 1 ]
L = [ 5 5 3 3 3 3 3 3 4 4 4 4 4 4 5 5 5 3 3 7 ]
l = [ 5 5 3 3 3 3 3 3 4 4 4 4 4 4 5 5 5 3 3 7 ]
Pmin = [ 46 46 37 37 37 37 37 37 37 37 37 37 37 37 54 54 54 28 28 83 ]
Pmax = [ 166 166 108 108 108 108 108 108 133 133 133 133 133 133 201 201 201 78 78 312 ]
cf = [ 26.2765 26.2765 45.6236 45.6236 45.6236 45.6236 45.6236 45.6236 60.065 60.065 60.065 60.065 60.065 60.065 7.44017 7.44017 7.44017 57.297 57.297 35.5764 ]
c0 = [ 142 143 107 108 109 111 114 117 105 106 108 110 113 116 154 156 158 89 90 222 ]
cp = [ 24.4831 24.4831 39.4104 39.4104 39.4104 39.4104 39.4104 39.4104 35.1157 35.1157 35.1157 35.1157 35.1157 35.1157 23.0553 23.0553 23.0553 39.1697 39.1697 17.3092 ]
D = [ 1619 1326 2279 2671 157 783 168 1378 1899 2689 110 2770 1587 2510 2790 1013 953 1048 814 1946 2734 1879 2841 2503 ]
K = 6
nk = [ 1 1 2 2 2 2 2 2 3 3 3 3 3 3 4 4 4 5 5 6 ]
First = [ 1 0 1 0 0 0 0 0 1 0 0 0 0 0 1 0 0 1 0 1 ]
Last = [ 0 1 0 0 0 0 0 1 0 0 0 0 0 1 0 0 1 0 1 1 ]
nS = 6
S = [ 1 0 1 0 0 0 0 0 1 0 0 0 0 0 1 0 0 1 0 1 ]
