n = 20 ; 
T = 24 ; 
Init = [ 1 0 1 1 1 0 0 1 0 0 0 0 0 1 0 1 0 1 1 1 ]
L = [ 6 5 7 8 7 7 8 5 10 9 4 6 9 10 8 5 4 4 4 6 ]
l = [ 6 5 7 8 7 7 8 5 10 9 4 6 9 10 8 5 4 4 4 6 ]
Pmin = [ 63 39 68 82 65 76 84 58 100 90 36 65 100 100 80 50 36 44 40 64 ]
Pmax = [ 227 155 263 324 261 294 327 211 404 370 118 228 412 420 332 187 130 165 125 251 ]
cf = [ 31.4423 65.1792 32.5189 45.3358 48.0361 35.8573 9.74485 66.5337 53.2239 67.4101 25.857 24.0923 21.537 30.3686 48.4598 9.9666 21.8572 58.8772 23.8506 46.4959 ]
c0 = [ 173 110 175 216 184 212 215 154 250 236 116 170 250 250 217 145 116 121 114 175 ]
cp = [ 21.9541 28.4698 18.5945 16.0197 21.7674 24.5872 18.8558 32.22 8.44732 22.6678 30.3422 34.7797 13.1104 8.32111 16.9238 31.5039 35.4977 37.9529 37.5092 29.5841 ]
D = [ 1383 632 4319 3791 2193 2521 1919 1396 3582 3534 3789 397 3136 693 3564 1322 3077 3791 1036 1691 3577 2593 3103 4778 ]
K = 21
nk = [ 1833084536 32720 1833084536 32720 0 0 0 0 0 0 0 0 0 0 0 0 0 0 0 0 ]
First = [ 1 1 1 1 1 1 1 1 1 1 1 1 1 1 1 1 1 1 1 1 ]
Last = [ 1 1 1 1 1 1 1 1 1 1 1 1 1 1 1 1 1 1 1 1 ]
nS = 4
S = [ 1 0 0 0 0 0 1 0 0 0 0 0 1 0 0 0 0 0 1 0 ]
