n = 20 ; 
T = 24 ; 
Init = [ 0 0 0 0 0 1 1 0 0 0 0 0 1 0 0 0 0 0 0 1 ]
L = [ 2 6 5 3 4 8 7 4 8 4 6 8 3 8 5 4 3 6 8 9 ]
l = [ 2 6 5 3 4 8 7 4 8 4 6 8 3 8 5 4 3 6 8 9 ]
Pmin = [ 18 52 47 35 34 83 79 43 84 43 56 86 25 78 50 39 25 61 77 90 ]
Pmax = [ 49 203 182 111 130 337 296 153 342 161 207 326 77 320 181 129 60 243 312 368 ]
cf = [ 49.5189 69.5203 8.88156 16.2401 13.5762 42.5933 59.6516 69.2098 55.0973 11.9801 17.6242 58.8082 45.1572 61.6486 40.7833 42.3462 34.5231 12.0033 56.9525 7.50125 ]
c0 = [ 54 146 138 111 114 222 213 120 224 127 158 237 89 213 142 124 92 166 205 229 ]
cp = [ 41.8448 26.9521 26.1155 35.8259 31.2486 15.3264 21.9092 38.288 11.3304 31.1203 29.5696 13.3587 40.616 19.272 25.2041 38.2375 41.0442 28.9937 24.9342 20.0131 ]
D = [ 2891 1499 3769 1878 340 1947 1296 146 3675 2954 800 2314 2922 925 2928 3359 3291 2240 3307 2300 2571 4013 1557 920 ]
K = 21
nk = [ 1833084536 32720 1833084536 32720 0 0 0 0 0 0 0 0 0 0 0 0 0 0 0 0 ]
First = [ 1 1 1 1 1 1 1 1 1 1 1 1 1 1 1 1 1 1 1 1 ]
Last = [ 1 1 1 1 1 1 1 1 1 1 1 1 1 1 1 1 1 1 1 1 ]
nS = 4
S = [ 1 0 0 0 0 0 1 0 0 0 0 0 1 0 0 0 0 0 1 0 ]
