n = 20 ; 
T = 24 ; 
Init = [ 0 1 1 1 0 0 0 1 1 0 1 0 0 1 1 0 0 0 1 1 ]
L = [ 7 9 6 7 5 8 10 8 2 8 7 9 10 9 7 8 5 5 4 3 ]
l = [ 7 9 6 7 5 8 10 8 2 8 7 9 10 9 7 8 5 5 4 3 ]
Pmin = [ 75 92 68 70 49 93 100 80 13 88 70 94 100 100 73 91 48 56 37 28 ]
Pmax = [ 285 375 241 269 190 363 420 312 35 354 258 368 420 410 295 356 163 196 117 76 ]
cf = [ 55.7412 53.4763 17.1131 20.9723 46.5097 29.6012 58.9533 30.9228 17.9489 41.7862 18.1242 49.6232 25.6495 24.1392 11.4003 54.9092 59.9962 11.4127 30.0871 31.6903 ]
c0 = [ 200 246 174 188 138 246 250 215 54 222 194 240 250 250 202 238 133 155 120 89 ]
cp = [ 20.5637 14.6786 16.5154 19.2644 30.0885 19.8397 12.1163 21.7103 40.4912 26.2023 24.8059 15.7905 8.37226 9.67227 19.7219 22.1698 31.5028 31.9248 26.1464 36.7246 ]
D = [ 799 445 3083 2307 4130 1627 4713 586 4207 4498 3312 2961 3055 4195 4182 1003 667 3217 3093 1623 752 4065 5346 2381 ]
K = 21
nk = [ 1833084536 32720 1833084536 32720 0 0 0 0 0 0 0 0 0 0 0 0 0 0 0 0 ]
First = [ 1 1 1 1 1 1 1 1 1 1 1 1 1 1 1 1 1 1 1 1 ]
Last = [ 1 1 1 1 1 1 1 1 1 1 1 1 1 1 1 1 1 1 1 1 ]
nS = 4
S = [ 1 0 0 0 0 0 1 0 0 0 0 0 1 0 0 0 0 0 1 0 ]
