n = 20 ; 
T = 24 ; 
Init = [ 0 0 0 0 1 1 0 1 0 1 1 1 1 1 1 0 0 1 1 0 ]
L = [ 10 6 10 9 8 5 6 8 6 10 7 8 5 5 4 6 7 6 8 3 ]
l = [ 10 6 10 9 8 5 6 8 6 10 7 8 5 5 4 6 7 6 8 3 ]
Pmin = [ 100 64 100 88 91 56 55 97 59 100 66 77 50 53 46 56 67 67 88 31 ]
Pmax = [ 420 245 420 366 348 211 219 372 223 420 268 307 202 179 159 224 255 243 330 117 ]
cf = [ 57.7303 68.4653 69.5314 58.2201 65.6425 46.6485 68.9216 37.7332 37.8832 67.6781 40.7078 55.3814 33.7938 49.9013 46.1801 29.5859 23.7201 7.29819 27.8238 30.9012 ]
c0 = [ 250 174 250 240 249 158 152 250 156 250 181 203 133 153 129 166 175 184 240 99 ]
cp = [ 19.2333 28.2897 8.3049 16.9897 14.6595 24.6215 21.4355 18.4259 30.2226 8.38742 25.792 18.1187 26.5924 29.1871 29.8279 17.001 20.3757 29.8174 27.3446 37.9182 ]
D = [ 3649 4813 4082 4254 2957 779 3736 3709 4052 2859 1865 2975 2724 1824 1941 2342 5303 1847 5038 2484 1643 2468 1202 3994 ]
K = 21
nk = [ 0 0 0 0 0 0 0 0 0 0 0 0 0 0 0 0 0 0 0 0 ]
First = [ 1 1 1 1 1 1 1 1 1 1 1 1 1 1 1 1 1 1 1 1 ]
Last = [ 1 1 1 1 1 1 1 1 1 1 1 1 1 1 1 1 1 1 1 1 ]
nS = 4
S = [ 1 0 0 0 0 0 1 0 0 0 0 0 1 0 0 0 0 0 1 0 ]
