n = 20 ; 
T = 24 ; 
Init = [ 1 0 0 0 1 0 0 0 1 1 0 1 0 0 1 1 1 1 0 1 ]
L = [ 5 9 5 8 6 8 5 2 10 5 6 8 5 4 3 5 8 4 3 9 ]
l = [ 5 9 5 8 6 8 5 2 10 5 6 8 5 4 3 5 8 4 3 9 ]
Pmin = [ 53 99 51 91 68 86 59 25 100 52 69 84 41 44 30 46 90 48 32 100 ]
Pmax = [ 208 397 187 356 255 325 217 56 420 196 267 338 152 145 94 164 339 173 89 420 ]
cf = [ 31.3098 49.9228 27.8802 47.831 33.9251 63.0351 18.7286 30.5301 29.5373 11.7778 9.42992 9.08033 65.3632 34.9802 59.2952 9.27075 31.4489 48.8788 38.9101 10.3121 ]
c0 = [ 152 250 141 245 176 237 170 81 250 136 183 230 121 131 93 126 239 125 92 250 ]
cp = [ 36.3528 14.059 30.9549 14.9787 26.0702 17.0184 23.2238 39.0194 8.09441 20.753 36.1993 20.512 32.3551 33.7809 31.6361 22.5516 20.8053 36.791 31.5152 9.51052 ]
D = [ 3590 3873 4362 1576 2670 1661 2675 683 1812 3617 902 3664 2088 2493 1976 4138 1962 2869 1132 3679 3233 1317 3837 2879 ]
K = 21
nk = [ 1833084536 32720 1833084536 32720 0 0 0 0 0 0 0 0 0 0 0 0 0 0 0 0 ]
First = [ 1 1 1 1 1 1 1 1 1 1 1 1 1 1 1 1 1 1 1 1 ]
Last = [ 1 1 1 1 1 1 1 1 1 1 1 1 1 1 1 1 1 1 1 1 ]
nS = 4
S = [ 1 0 0 0 0 0 1 0 0 0 0 0 1 0 0 0 0 0 1 0 ]
