n = 20 ; 
T = 24 ; 
Init = [ 1 0 0 1 0 1 1 1 0 1 0 1 1 1 1 0 0 1 0 0 ]
L = [ 9 6 7 6 4 6 5 6 3 3 4 10 5 6 5 9 3 7 7 10 ]
l = [ 9 6 7 6 4 6 5 6 3 3 4 10 5 6 5 9 3 7 7 10 ]
Pmin = [ 100 69 70 65 38 71 57 60 34 26 43 100 57 62 47 96 22 81 76 100 ]
Pmax = [ 413 253 283 246 148 255 204 243 111 63 168 420 205 220 169 400 74 331 284 420 ]
cf = [ 16.1675 24.9233 67.9317 56.632 15.2958 37.2707 59.864 23.5209 49.8223 49.773 8.05002 18.0793 22.5445 9.67887 68.6611 32.085 23.5166 37.0625 49.2302 34.6221 ]
c0 = [ 250 187 179 184 106 185 158 160 96 77 118 250 166 165 135 241 69 211 197 250 ]
cp = [ 14.4954 16.5333 16.8592 28.2206 39.2056 19.3129 25.9172 22.8983 32.2816 40.3854 35.4904 9.2403 19.6386 30.7887 31.7217 11.0853 35.3106 21.3181 21.044 13.1892 ]
D = [ 3216 3995 2033 2858 605 4670 3059 1970 1017 3704 1037 1731 191 875 689 837 3235 4809 2125 1662 3233 2207 2526 4445 ]
K = 21
nk = [ 1833084536 32720 1833084536 32720 0 0 0 0 0 0 0 0 0 0 0 0 0 0 0 0 ]
First = [ 1 1 1 1 1 1 1 1 1 1 1 1 1 1 1 1 1 1 1 1 ]
Last = [ 1 1 1 1 1 1 1 1 1 1 1 1 1 1 1 1 1 1 1 1 ]
nS = 4
S = [ 1 0 0 0 0 0 1 0 0 0 0 0 1 0 0 0 0 0 1 0 ]
