n = 20 ; 
T = 24 ; 
Init = [ 0 0 1 1 0 1 0 0 0 1 1 0 0 1 1 1 1 1 1 1 ]
L = [ 7 10 5 9 6 3 2 3 2 5 4 2 5 7 5 2 7 3 7 6 ]
l = [ 7 10 5 9 6 3 2 3 2 5 4 2 5 7 5 2 7 3 7 6 ]
Pmin = [ 77 100 47 97 64 36 26 22 17 50 39 20 46 77 43 15 66 34 69 68 ]
Pmax = [ 305 420 185 403 241 103 58 65 36 192 136 50 159 304 159 45 258 107 272 255 ]
cf = [ 35.8517 54.7193 7.98214 11.3585 17.1163 25.9181 18.552 39.9243 67.4434 42.4417 18.9038 59.3126 49.0118 17.6781 61.8764 39.5154 25.9581 22.5673 49.3983 69.5955 ]
c0 = [ 215 250 146 243 182 100 81 66 66 147 124 61 128 217 117 66 190 96 182 184 ]
cp = [ 23.4276 8.41899 36.0278 11.4883 18.3354 33.9482 40.0879 32.2071 41.0722 24.5282 41.1125 41.4837 20.5046 28.1866 34.6475 37.2789 27.5072 37.6595 18.9385 27.788 ]
D = [ 3681 1954 432 1273 1923 1151 870 1734 1850 1733 3549 3569 823 3608 75 1425 982 764 3387 830 2875 343 193 1625 ]
K = 21
nk = [ 1833084536 32720 1833084536 32720 0 0 0 0 0 0 0 0 0 0 0 0 0 0 0 0 ]
First = [ 1 1 1 1 1 1 1 1 1 1 1 1 1 1 1 1 1 1 1 1 ]
Last = [ 1 1 1 1 1 1 1 1 1 1 1 1 1 1 1 1 1 1 1 1 ]
nS = 4
S = [ 1 0 0 0 0 0 1 0 0 0 0 0 1 0 0 0 0 0 1 0 ]
