n = 20 ; 
T = 24 ; 
Init = [ 0 0 1 0 0 1 1 0 0 1 0 1 1 0 1 1 0 0 1 1 ]
L = [ 5 5 8 8 4 4 7 6 2 2 7 10 7 6 5 9 2 6 7 5 ]
l = [ 5 5 8 8 4 4 7 6 2 2 7 10 7 6 5 9 2 6 7 5 ]
Pmin = [ 43 57 87 85 35 37 67 63 18 24 69 100 79 56 57 89 23 69 75 53 ]
Pmax = [ 152 197 345 314 134 134 268 228 53 76 277 420 305 206 211 364 60 254 294 209 ]
cf = [ 37.7101 36.1285 37.3679 13.4076 7.23157 12.4487 29.6797 46.0101 64.4097 58.573 58.0528 43.5424 7.39364 45.6073 17.4045 27.7231 12.818 17.3534 42.6812 42.8543 ]
c0 = [ 128 151 237 226 101 111 194 166 64 79 180 250 209 158 168 235 87 180 196 142 ]
cp = [ 34.9966 26.9037 13.4958 24.5319 35.4595 33.9811 16.9855 28.2234 38.8592 37.0342 34.9228 11.7296 22.4895 32.9474 26.5573 11.1337 41.6571 25.0652 25.0538 16.7752 ]
D = [ 3045 3119 2382 340 1331 2044 2493 1102 2771 3470 2003 464 1050 4173 921 1067 61 2542 3854 4163 1725 3000 2273 1754 ]
K = 21
nk = [ 0 0 0 0 0 0 0 0 0 0 0 0 0 0 0 0 0 0 0 0 ]
First = [ 1 1 1 1 1 1 1 1 1 1 1 1 1 1 1 1 1 1 1 1 ]
Last = [ 1 1 1 1 1 1 1 1 1 1 1 1 1 1 1 1 1 1 1 1 ]
nS = 4
S = [ 1 0 0 0 0 0 1 0 0 0 0 0 1 0 0 0 0 0 1 0 ]
