n = 20 ; 
T = 24 ; 
Init = [ 0 1 1 0 0 0 1 0 0 1 0 0 0 1 1 1 0 0 1 1 ]
L = [ 4 3 4 10 7 9 9 2 9 6 4 8 10 5 6 3 6 5 9 8 ]
l = [ 4 3 4 10 7 9 9 2 9 6 4 8 10 5 6 3 6 5 9 8 ]
Pmin = [ 41 31 34 100 69 100 100 25 92 61 40 85 100 58 65 22 58 47 95 80 ]
Pmax = [ 135 80 120 420 279 402 420 60 365 238 147 331 420 206 251 70 229 178 370 319 ]
cf = [ 69.2172 59.0125 40.1068 57.1611 44.4861 67.3091 11.2271 59.1403 20.1465 57.9677 20.1882 42.4129 65.8663 50.8713 51.9393 58.3903 18.139 15.2907 51.4762 16.2118 ]
c0 = [ 116 87 104 250 196 250 250 91 250 169 107 228 250 158 172 78 159 137 250 224 ]
cp = [ 32.8251 31.9261 31.3847 8.14843 17.0754 14.9934 13.3993 39.9987 10.5705 31.3507 31.409 22.1311 9.46796 30.2923 30.2205 38.1668 24.9925 29.7958 11.1569 17.1118 ]
D = [ 3094 3743 3968 399 684 242 3622 2622 3429 1324 2302 3366 445 4950 2339 3444 4735 2678 2575 747 1715 3630 3580 1384 ]
K = 21
nk = [ -1593047432 32615 -1593047432 32615 0 0 0 0 0 0 0 0 0 0 0 0 0 0 0 0 ]
First = [ 1 1 1 1 1 1 1 1 1 1 1 1 1 1 1 1 1 1 1 1 ]
Last = [ 1 1 1 1 1 1 1 1 1 1 1 1 1 1 1 1 1 1 1 1 ]
nS = 2
S = [ 1 0 0 0 0 0 0 0 0 0 0 0 0 0 0 1 0 0 0 0 ]
