n = 20 ; 
T = 24 ; 
Init = [ 0 1 0 1 0 0 1 1 0 0 0 0 1 0 1 0 1 0 1 1 ]
L = [ 9 5 8 3 5 8 5 6 4 3 6 5 6 7 4 5 8 8 6 6 ]
l = [ 9 5 8 3 5 8 5 6 4 3 6 5 6 7 4 5 8 8 6 6 ]
Pmin = [ 98 57 97 23 52 86 53 59 41 27 64 44 64 79 38 51 84 84 60 66 ]
Pmax = [ 392 209 371 49 207 330 199 218 149 72 235 170 250 308 144 206 341 317 237 236 ]
cf = [ 30.5131 8.04104 30.7595 49.7411 40.9118 43.4618 54.323 57.761 33.0988 7.85279 52.1652 28.9705 35.3908 59.3354 43.4663 54.9045 20.1916 18.2966 12.4055 13.3721 ]
c0 = [ 250 157 245 70 142 226 151 159 129 96 170 122 176 202 108 149 231 226 161 175 ]
cp = [ 8.70998 36.133 26.0991 38.8473 31.9569 13.3797 31.75 24.6476 36.8802 40.0563 26.414 33.4209 31.4034 30.1311 33.6543 34.7784 11.377 17.1167 20.0764 30.7814 ]
D = [ 658 1517 2003 3392 1956 2992 1895 1315 1382 3112 2485 3114 3188 4235 1622 1046 2281 467 144 4203 530 3471 1181 2621 ]
K = 21
nk = [ 0 0 0 0 0 0 0 0 0 0 0 0 0 0 0 0 0 0 0 0 ]
First = [ 1 1 1 1 1 1 1 1 1 1 1 1 1 1 1 1 1 1 1 1 ]
Last = [ 1 1 1 1 1 1 1 1 1 1 1 1 1 1 1 1 1 1 1 1 ]
nS = 2
S = [ 1 0 0 0 0 0 0 0 0 0 0 0 0 0 0 1 0 0 0 0 ]
