n = 20 ; 
T = 24 ; 
Init = [ 1 1 1 0 1 1 0 1 0 0 0 1 1 0 0 0 0 1 1 0 ]
L = [ 4 9 10 3 3 8 5 3 9 10 4 4 5 6 7 9 8 6 7 8 ]
l = [ 4 9 10 3 3 8 5 3 9 10 4 4 5 6 7 9 8 6 7 8 ]
Pmin = [ 45 100 100 37 30 88 51 23 100 100 41 36 47 62 68 89 91 65 66 83 ]
Pmax = [ 140 420 420 108 78 347 180 55 408 412 164 120 178 234 268 374 353 233 268 338 ]
cf = [ 35.7357 30.634 36.2002 51.4216 61.4898 55.1498 51.7688 43.0457 48.3062 57.2874 59.0513 53.2881 62.4907 17.486 17.451 64.5589 50.8798 68.0943 58.7653 17.2429 ]
c0 = [ 119 250 250 109 83 233 150 86 250 250 129 107 137 171 183 237 231 169 176 230 ]
cp = [ 36.8439 16.8426 8.65668 39.5589 34.8659 19.3639 31.2885 39.675 10.0809 11.6218 35.0054 34.2054 39.0667 30.8953 33.9607 14.9507 9.08384 25.1572 22.0594 18.2935 ]
D = [ 573 3396 3110 3846 1112 216 1640 1554 645 3362 962 2970 176 3325 1467 4586 2123 5090 2404 368 4061 1518 4114 3453 ]
K = 21
nk = [ -1593047432 32615 -1593047432 32615 0 0 0 0 0 0 0 0 0 0 0 0 0 0 0 0 ]
First = [ 1 1 1 1 1 1 1 1 1 1 1 1 1 1 1 1 1 1 1 1 ]
Last = [ 1 1 1 1 1 1 1 1 1 1 1 1 1 1 1 1 1 1 1 1 ]
nS = 2
S = [ 1 0 0 0 0 0 0 0 0 0 0 0 0 0 0 1 0 0 0 0 ]
