n = 20 ; 
T = 24 ; 
Init = [ 0 1 1 0 1 0 1 0 0 0 0 1 0 1 1 0 0 0 1 0 ]
L = [ 8 5 2 3 5 6 10 8 7 10 10 7 9 3 4 7 4 8 7 8 ]
l = [ 8 5 2 3 5 6 10 8 7 10 10 7 9 3 4 7 4 8 7 8 ]
Pmin = [ 81 59 25 33 50 66 100 85 76 100 100 86 100 27 41 74 44 78 65 97 ]
Pmax = [ 333 218 68 128 175 255 415 335 309 413 420 320 395 70 127 275 163 315 259 372 ]
cf = [ 14.2712 33.6813 61.5372 63.7101 19.0807 54.6223 53.5485 42.874 69.8074 68.0204 33.775 31.5574 41.0136 22.7693 50.3229 32.6627 28.9238 15.724 23.1131 62.5443 ]
c0 = [ 213 163 89 97 150 170 250 234 204 250 250 230 250 82 123 211 133 218 179 250 ]
cp = [ 17.6078 29.3737 38.9322 35.6537 34.0121 19.5409 8.27866 14.0821 25.1072 10.7563 8.78334 19.6957 11.8384 40.5644 31.5782 23.549 32.9572 20.4934 22.9555 15.1378 ]
D = [ 4689 5165 2641 849 1717 882 845 364 460 3796 5155 1080 703 4435 544 1732 3125 4508 4787 3109 4339 1702 5200 1871 ]
K = 21
nk = [ -1593047432 32615 -1593047432 32615 0 0 0 0 0 0 0 0 0 0 0 0 0 0 0 0 ]
First = [ 1 1 1 1 1 1 1 1 1 1 1 1 1 1 1 1 1 1 1 1 ]
Last = [ 1 1 1 1 1 1 1 1 1 1 1 1 1 1 1 1 1 1 1 1 ]
nS = 2
S = [ 1 0 0 0 0 0 0 0 0 0 0 0 0 0 0 1 0 0 0 0 ]
