n = 20 ; 
T = 24 ; 
Init = [ 0 1 0 0 0 1 0 1 0 1 1 1 1 0 0 0 0 1 0 1 ]
L = [ 3 8 8 2 9 7 10 7 6 6 4 3 7 7 3 3 8 4 7 7 ]
l = [ 3 8 8 2 9 7 10 7 6 6 4 3 7 7 3 3 8 4 7 7 ]
Pmin = [ 30 86 90 19 100 65 100 78 58 67 43 32 82 71 22 37 92 41 78 69 ]
Pmax = [ 89 337 357 69 407 257 413 302 235 261 147 101 319 268 72 107 348 138 292 286 ]
cf = [ 38.2447 54.8015 63.4148 9.93205 32.6093 17.0032 7.97459 29.0978 55.2961 60.8252 29.6901 17.6166 33.7421 48.6226 29.9315 9.67105 23.5198 23.5447 47.3798 55.3225 ]
c0 = [ 91 229 233 62 250 181 250 211 162 180 123 90 228 200 67 111 236 111 200 183 ]
cp = [ 35.9483 29.8374 22.219 39.1477 9.29249 26.5975 10.2705 17.1515 24.9027 28.8423 38.9833 39.6867 21.9047 23.4262 37.6836 33.5871 25.4148 36.5793 21.5519 28.2449 ]
D = [ 3224 126 4364 3019 4360 285 860 497 798 1365 2009 3181 206 1507 3404 2159 2270 3479 3845 1149 2779 770 1958 13 ]
K = 21
nk = [ 0 0 0 0 0 0 0 0 0 0 0 0 0 0 0 0 0 0 0 0 ]
First = [ 1 1 1 1 1 1 1 1 1 1 1 1 1 1 1 1 1 1 1 1 ]
Last = [ 1 1 1 1 1 1 1 1 1 1 1 1 1 1 1 1 1 1 1 1 ]
nS = 2
S = [ 1 0 0 0 0 0 0 0 0 0 0 0 0 0 0 1 0 0 0 0 ]
