n = 20 ; 
T = 24 ; 
Init = [ 0 1 1 0 0 1 1 1 0 0 1 1 0 1 1 1 0 0 0 0 ]
L = [ 2 2 7 4 3 9 3 9 7 8 7 3 9 8 7 2 3 10 4 8 ]
l = [ 2 2 7 4 3 9 3 9 7 8 7 3 9 8 7 2 3 10 4 8 ]
Pmin = [ 24 19 81 41 18 94 21 93 72 86 76 37 94 89 71 13 28 100 39 81 ]
Pmax = [ 60 67 317 138 62 370 73 386 289 359 283 107 366 349 264 40 101 420 141 301 ]
cf = [ 26.3592 32.7927 22.3401 67.8377 9.377 68.2501 7.92966 18.8469 59.0558 29.4497 17.212 23.5589 19.8117 9.16901 62.7958 20.2161 16.2801 49.5931 8.9865 64.0835 ]
c0 = [ 77 75 224 124 54 238 78 250 199 228 213 110 245 235 184 54 80 250 117 212 ]
cp = [ 41.8296 38.0416 27.4943 28.7594 39.6069 18.8681 37.2949 11.1188 21.4216 17.2339 13.3695 34.9851 13.6438 11.0373 30.3095 37.4036 37.5598 8.00344 18.9711 19.1291 ]
D = [ 969 1141 1451 1742 1976 2229 2346 2597 2821 3068 3332 3544 3798 3551 3334 2962 2680 2301 2722 3034 3433 2839 2246 1667 ]
K = 21
nk = [ 132724344 32517 132724344 32517 0 0 0 0 0 0 0 0 0 0 0 0 0 0 0 0 ]
First = [ 1 1 1 1 1 1 1 1 1 1 1 1 1 1 1 1 1 1 1 1 ]
Last = [ 1 1 1 1 1 1 1 1 1 1 1 1 1 1 1 1 1 1 1 1 ]
nS = 3
S = [ 1 0 0 0 0 0 0 0 1 0 0 0 0 0 0 0 1 0 0 0 ]
