n = 20 ; 
T = 24 ; 
Init = [ 1 0 0 1 0 1 1 0 0 1 1 0 0 1 0 0 0 0 1 1 ]
L = [ 7 3 5 3 4 3 9 2 3 10 6 3 9 8 6 6 7 4 6 5 ]
l = [ 7 3 5 3 4 3 9 2 3 10 6 3 9 8 6 6 7 4 6 5 ]
Pmin = [ 83 28 52 23 44 25 96 18 28 100 63 31 100 95 57 68 71 41 66 46 ]
Pmax = [ 314 105 197 84 160 91 377 62 76 420 240 96 408 377 228 248 260 128 254 176 ]
cf = [ 40.4716 64.2775 29.5 66.1169 33.3394 39.3702 56.9241 25.9985 34.2952 24.3898 38.8929 21.9833 46.8788 21.3292 47.0752 61.4491 12.1493 42.3712 24.5511 7.23146 ]
c0 = [ 228 87 150 74 121 89 250 63 98 250 175 101 250 250 165 184 182 118 180 137 ]
cp = [ 12.2744 28.5009 24.189 41.2298 34.2125 35.4973 16.4619 40.8833 40.9086 9.62615 23.5095 22.6187 11.4321 13.9749 27.3188 33.7578 18.8108 29.2927 24.9784 24.1784 ]
D = [ 1075 1360 1570 1792 1919 2181 2359 2551 2718 2997 3271 3455 3609 3303 3014 2818 2552 2217 2576 3071 3466 2932 2361 1734 ]
K = 21
nk = [ 132724344 32517 132724344 32517 0 0 0 0 0 0 0 0 0 0 0 0 0 0 0 0 ]
First = [ 1 1 1 1 1 1 1 1 1 1 1 1 1 1 1 1 1 1 1 1 ]
Last = [ 1 1 1 1 1 1 1 1 1 1 1 1 1 1 1 1 1 1 1 1 ]
nS = 3
S = [ 1 0 0 0 0 0 0 0 1 0 0 0 0 0 0 0 1 0 0 0 ]
