n = 20 ; 
T = 24 ; 
Init = [ 0 1 1 0 1 1 0 0 0 1 0 0 1 1 1 0 0 1 1 0 ]
L = [ 4 9 9 9 3 5 4 9 10 8 6 5 10 9 4 3 6 3 8 4 ]
l = [ 4 9 9 9 3 5 4 9 10 8 6 5 10 9 4 3 6 3 8 4 ]
Pmin = [ 40 93 87 100 26 56 43 100 100 88 71 55 100 100 39 23 71 27 95 36 ]
Pmax = [ 132 369 359 420 88 199 166 397 410 335 274 192 420 397 125 80 259 90 362 133 ]
cf = [ 30.4655 31.527 7.29098 39.0495 16.0185 56.6054 48.2621 10.5963 15.7756 44.383 25.951 44.9559 22.96 29.244 65.9817 18.7651 48.0893 52.8914 41.2652 16.118 ]
c0 = [ 117 247 219 250 94 152 132 250 250 233 200 147 250 250 114 73 198 89 250 101 ]
cp = [ 37.7221 23.0957 10.938 9.21252 35.051 23.5581 27.7632 12.326 11.3618 21.3968 23.4897 24.0135 11.9974 11.2205 21.8514 34.847 24.7311 38.5697 13.664 36.3716 ]
D = [ 1574 2265 1683 1817 2195 3824 3411 834 1661 2939 1698 3600 4967 1722 1042 505 615 4453 802 1340 2335 2368 4477 3655 ]
K = 21
nk = [ 719165048 32516 719165048 32516 0 0 0 0 0 0 0 0 0 0 0 0 0 0 0 0 ]
First = [ 1 1 1 1 1 1 1 1 1 1 1 1 1 1 1 1 1 1 1 1 ]
Last = [ 1 1 1 1 1 1 1 1 1 1 1 1 1 1 1 1 1 1 1 1 ]
nS = 3
S = [ 1 0 0 0 0 0 0 0 1 0 0 0 0 0 0 0 1 0 0 0 ]
