n = 20 ; 
T = 24 ; 
Init = [ 1 1 0 1 0 1 1 1 1 1 1 1 0 0 1 1 1 1 0 1 ]
L = [ 4 5 9 9 7 9 6 7 10 2 9 7 3 4 3 5 10 7 4 5 ]
l = [ 4 5 9 9 7 9 6 7 10 2 9 7 3 4 3 5 10 7 4 5 ]
Pmin = [ 41 48 100 99 73 95 52 81 100 23 100 75 29 47 30 50 100 70 46 61 ]
Pmax = [ 131 170 416 405 284 361 200 313 420 52 420 273 100 159 105 173 420 276 163 215 ]
cf = [ 52.0023 8.56512 64.3624 69.3192 53.3796 20.0044 51.841 57.4588 43.52 27.3274 47.4417 23.4269 52.1368 11.6054 58.8042 38.1736 69.141 53.5648 47.7585 38.5103 ]
c0 = [ 125 134 250 250 203 250 155 207 250 76 250 197 82 130 98 143 250 200 125 178 ]
cp = [ 33.6536 28.5566 12.7619 8.81758 17.9621 14.0978 35.0865 18.5114 8.28171 41.3249 10.0987 27.1591 40.1854 31.1271 35.5301 29.6854 11.4314 27.3801 36.8844 24.8375 ]
D = [ 1151 1483 1635 1909 2076 2405 2621 2851 3157 3390 3771 3970 4304 3922 3497 3200 2882 2583 3034 3241 3545 3057 2490 2074 ]
K = 21
nk = [ 0 0 0 0 0 0 0 0 0 0 0 0 0 0 0 0 0 0 0 0 ]
First = [ 1 1 1 1 1 1 1 1 1 1 1 1 1 1 1 1 1 1 1 1 ]
Last = [ 1 1 1 1 1 1 1 1 1 1 1 1 1 1 1 1 1 1 1 1 ]
nS = 3
S = [ 1 0 0 0 0 0 0 0 1 0 0 0 0 0 0 0 1 0 0 0 ]
