n = 20 ; 
T = 24 ; 
Init = [ 0 0 0 0 0 1 0 0 1 1 0 1 1 1 1 0 1 1 1 1 ]
L = [ 6 9 7 3 8 2 4 2 10 3 6 5 9 6 4 6 3 5 8 8 ]
l = [ 6 9 7 3 8 2 4 2 10 3 6 5 9 6 4 6 3 5 8 8 ]
Pmin = [ 64 97 72 23 89 14 42 23 100 27 70 58 100 66 42 60 28 49 87 85 ]
Pmax = [ 256 375 269 82 338 45 163 58 406 81 280 222 420 259 137 234 92 178 334 339 ]
cf = [ 14.1366 35.8811 11.31 9.66272 53.8932 59.0658 26.9032 12.7958 24.9751 8.9075 40.2582 7.89467 47.6323 53.1246 42.2123 68.6248 55.0589 69.4599 23.4398 67.8444 ]
c0 = [ 181 250 188 77 231 46 120 73 250 92 185 160 250 169 122 164 80 140 223 229 ]
cp = [ 26.053 11.0295 22.5394 29.7086 13.7232 38.8706 37.2559 33.4197 16.8261 32.832 18.602 30.4711 11.7356 16.6928 40.3612 27.3988 39.6459 35.9428 15.0002 11.4794 ]
D = [ 3574 2546 1803 1762 2893 4029 3963 3566 2126 293 1848 2643 2387 2160 2836 1219 1368 4280 1640 2671 4418 4051 2736 2796 ]
K = 21
nk = [ 719165048 32516 719165048 32516 0 0 0 0 0 0 0 0 0 0 0 0 0 0 0 0 ]
First = [ 1 1 1 1 1 1 1 1 1 1 1 1 1 1 1 1 1 1 1 1 ]
Last = [ 1 1 1 1 1 1 1 1 1 1 1 1 1 1 1 1 1 1 1 1 ]
nS = 3
S = [ 1 0 0 0 0 0 0 0 1 0 0 0 0 0 0 0 1 0 0 0 ]
