n = 20 ; 
T = 24 ; 
Init = [ 1 0 1 0 0 0 1 1 1 1 0 1 0 1 1 1 1 1 1 0 ]
L = [ 5 8 9 10 5 6 9 4 2 4 8 4 10 3 8 3 3 3 3 4 ]
l = [ 5 8 9 10 5 6 9 4 2 4 8 4 10 3 8 3 3 3 3 4 ]
Pmin = [ 59 90 97 100 56 64 94 35 11 42 94 37 100 35 85 23 33 25 24 35 ]
Pmax = [ 210 362 402 420 214 257 385 112 31 155 373 118 420 107 353 51 99 82 84 107 ]
cf = [ 61.4382 59.7991 69.0293 13.6223 44.5531 7.04475 68.5584 25.1044 28.0758 16.337 11.695 41.8783 8.69584 11.6929 33.0105 46.3669 49.5213 27.2464 32.4076 52.6599 ]
c0 = [ 158 246 250 250 158 178 250 111 38 131 250 118 250 96 221 81 95 84 75 102 ]
cp = [ 27.7127 16.6042 10.6121 9.50405 29.2039 24.8964 11.6849 37.3112 41.3887 28.2708 15.4568 21.5149 8.67984 38.0674 10.1726 40.6788 38.3135 38.9766 38.0898 40.7835 ]
D = [ 1052 1155 1470 1663 1888 2036 2324 2543 2717 3026 3331 3401 3706 3349 3058 2789 2418 2211 2528 2844 3200 2665 2101 1680 ]
K = 21
nk = [ 132724344 32517 132724344 32517 0 0 0 0 0 0 0 0 0 0 0 0 0 0 0 0 ]
First = [ 1 1 1 1 1 1 1 1 1 1 1 1 1 1 1 1 1 1 1 1 ]
Last = [ 1 1 1 1 1 1 1 1 1 1 1 1 1 1 1 1 1 1 1 1 ]
nS = 3
S = [ 1 0 0 0 0 0 0 0 1 0 0 0 0 0 0 0 1 0 0 0 ]
