n = 20 ; 
T = 24 ; 
Init = [ 1 0 0 0 0 1 0 1 1 1 1 1 0 1 1 1 1 0 0 0 ]
L = [ 9 8 3 2 6 7 5 4 8 3 4 9 7 9 10 7 6 5 6 6 ]
l = [ 9 8 3 2 6 7 5 4 8 3 4 9 7 9 10 7 6 5 6 6 ]
Pmin = [ 88 87 29 22 62 77 49 44 91 24 38 100 81 100 100 74 65 54 68 59 ]
Pmax = [ 359 348 95 53 235 300 185 145 341 85 135 405 314 410 420 299 261 202 249 213 ]
cf = [ 35.0941 66.661 32.638 8.74798 56.1747 45.7243 19.4535 67.3446 12.1947 67.6075 51.1426 54.4565 41.9938 18.8384 29.0812 8.79599 43.9874 58.3526 32.009 43.6106 ]
c0 = [ 236 232 90 76 169 205 139 124 250 89 113 250 212 250 250 205 176 147 186 162 ]
cp = [ 14.2495 25.5991 36.2671 41.3211 18.7879 23.5047 33.8441 34.8977 20.1198 36.53 32.8648 17.3015 22.4552 10.8344 8.96956 21.7953 30.9456 24.8367 17.5296 22.3201 ]
D = [ 1442 1691 1796 1974 2279 2554 2737 2941 3106 3416 3569 3904 4129 3723 3572 3262 3006 2664 3032 3421 4032 3272 2710 2102 ]
K = 21
nk = [ 0 0 0 0 0 0 0 0 0 0 0 0 0 0 0 0 0 0 0 0 ]
First = [ 1 1 1 1 1 1 1 1 1 1 1 1 1 1 1 1 1 1 1 1 ]
Last = [ 1 1 1 1 1 1 1 1 1 1 1 1 1 1 1 1 1 1 1 1 ]
nS = 3
S = [ 1 0 0 0 0 0 0 0 1 0 0 0 0 0 0 0 1 0 0 0 ]
