n = 20 ; 
T = 24 ; 
Init = [ 1 1 0 1 1 1 1 0 0 0 1 1 1 1 1 1 0 0 0 1 ]
L = [ 3 5 10 7 9 8 9 9 4 9 8 7 2 8 8 9 9 4 8 6 ]
l = [ 3 5 10 7 9 8 9 9 4 9 8 7 2 8 8 9 9 4 8 6 ]
Pmin = [ 34 53 100 84 90 87 99 90 35 96 81 75 25 94 81 86 94 46 86 63 ]
Pmax = [ 116 212 420 317 362 349 410 367 122 396 334 301 58 364 337 356 381 164 341 241 ]
cf = [ 19.5604 45.5901 26.5478 9.92967 29.4174 27.7093 18.2748 48.3485 63.9249 45.4287 16.2737 63.0601 69.3461 42.6507 50.9577 10.8738 17.1493 52.9633 31.2502 51.4298 ]
c0 = [ 114 146 250 230 228 232 249 233 106 250 212 213 90 242 223 224 249 123 227 163 ]
cp = [ 40.3884 26.1008 9.51526 16.7304 27.1561 16.9153 10.2752 15.0957 22.6916 11.3323 15.9511 21.6169 39.6272 13.2036 13.4401 21.465 12.1702 29.7271 20.9679 24.3971 ]
D = [ 1519 1853 2125 2407 2613 3006 3332 3637 3958 4221 4361 4676 4903 4710 4159 3869 3327 2953 3646 4201 4818 4006 3231 2392 ]
K = 21
nk = [ 132724344 32517 132724344 32517 0 0 0 0 0 0 0 0 0 0 0 0 0 0 0 0 ]
First = [ 1 1 1 1 1 1 1 1 1 1 1 1 1 1 1 1 1 1 1 1 ]
Last = [ 1 1 1 1 1 1 1 1 1 1 1 1 1 1 1 1 1 1 1 1 ]
nS = 3
S = [ 1 0 0 0 0 0 0 0 1 0 0 0 0 0 0 0 1 0 0 0 ]
