n = 20 ; 
T = 24 ; 
Init = [ 1 0 1 0 1 0 0 0 1 1 1 0 0 0 0 0 0 1 1 1 ]
L = [ 8 9 7 8 7 7 5 4 6 10 7 3 9 5 6 10 2 7 6 4 ]
l = [ 8 9 7 8 7 7 5 4 6 10 7 3 9 5 6 10 2 7 6 4 ]
Pmin = [ 91 100 78 85 74 75 48 41 62 100 68 32 92 54 57 100 14 75 58 44 ]
Pmax = [ 375 409 319 346 296 284 162 132 220 419 260 91 369 214 212 420 43 281 229 168 ]
cf = [ 63.2627 24.4105 47.2811 27.437 37.3124 17.8274 18.7529 43.6004 63.9272 32.6193 57.1867 54.0856 48.6262 46.0991 56.4018 46.9444 48.1635 46.5025 69.1666 33.5062 ]
c0 = [ 247 250 215 216 209 191 145 116 177 250 177 106 248 147 150 250 66 190 166 135 ]
cp = [ 15.5803 11.1344 25.9137 13.6317 16.8267 26.0817 32.0931 24.6423 25.7767 8.62465 27.9132 34.6282 12.0524 27.2788 20.6992 9.13434 37.5257 18.043 26.5042 36.1417 ]
D = [ 1322 1530 1802 2075 2433 2526 2804 3033 3412 3624 3886 3990 4415 3933 3698 3193 2793 2548 3057 3472 3874 3227 2521 1793 ]
K = 21
nk = [ 132724344 32517 132724344 32517 0 0 0 0 0 0 0 0 0 0 0 0 0 0 0 0 ]
First = [ 1 1 1 1 1 1 1 1 1 1 1 1 1 1 1 1 1 1 1 1 ]
Last = [ 1 1 1 1 1 1 1 1 1 1 1 1 1 1 1 1 1 1 1 1 ]
nS = 3
S = [ 1 0 0 0 0 0 0 0 1 0 0 0 0 0 0 0 1 0 0 0 ]
