n = 20 ; 
T = 24 ; 
Init = [ 0 1 0 0 1 1 0 1 0 1 1 1 0 1 0 0 1 1 1 0 ]
L = [ 9 7 4 8 3 7 7 4 10 9 5 3 7 9 7 4 3 6 3 5 ]
l = [ 9 7 4 8 3 7 7 4 10 9 5 3 7 9 7 4 3 6 3 5 ]
Pmin = [ 100 73 39 78 29 83 75 35 100 96 54 26 75 89 82 34 30 67 29 54 ]
Pmax = [ 420 268 129 319 82 310 280 131 410 393 184 83 284 369 308 123 116 258 75 206 ]
cf = [ 22.619 20.7352 19.8103 63.9654 25.191 7.98794 16.7548 27.2699 35.7251 8.73856 47.8896 44.6115 15.2671 55.8968 54.368 54.9657 23.0823 64.9605 14.8522 33.0692 ]
c0 = [ 250 189 108 200 95 219 194 102 250 250 156 75 198 231 210 96 89 192 86 158 ]
cp = [ 12.0127 29.3704 27.2407 20.3914 40.5058 19.8711 23.1878 35.0142 8.73937 9.40931 25.949 33.5131 20.1558 13.6597 18.3047 30.1712 38.7842 21.5871 37.1841 29.7499 ]
D = [ 1840 3894 2522 3717 859 3406 4456 1951 3235 1028 1177 4412 2063 2143 3957 3434 2217 4692 214 4382 75 3296 2468 698 ]
K = 21
nk = [ 719165048 32516 719165048 32516 0 0 0 0 0 0 0 0 0 0 0 0 0 0 0 0 ]
First = [ 1 1 1 1 1 1 1 1 1 1 1 1 1 1 1 1 1 1 1 1 ]
Last = [ 1 1 1 1 1 1 1 1 1 1 1 1 1 1 1 1 1 1 1 1 ]
nS = 3
S = [ 1 0 0 0 0 0 0 0 1 0 0 0 0 0 0 0 1 0 0 0 ]
