n = 20 ; 
T = 24 ; 
Init = [ 0 1 1 1 1 0 0 0 0 1 0 1 0 0 1 0 1 0 0 0 ]
L = [ 10 8 8 9 5 9 5 9 3 9 6 5 5 4 9 5 2 7 3 5 ]
l = [ 10 8 8 9 5 9 5 9 3 9 6 5 5 4 9 5 2 7 3 5 ]
Pmin = [ 100 90 84 95 54 99 51 100 28 100 58 51 54 42 100 45 20 74 37 52 ]
Pmax = [ 420 366 325 373 204 390 191 401 89 409 207 202 197 128 406 179 37 298 118 200 ]
cf = [ 26.9845 19.6438 26.2066 65.0745 18.5246 59.5075 7.40352 13.782 12.967 53.1009 31.6758 8.70618 42.3352 36.9657 35.3583 33.2619 59.4921 52.8151 46.7206 53.0652 ]
c0 = [ 250 243 213 247 160 250 138 250 97 250 161 141 144 113 250 133 77 196 110 140 ]
cp = [ 9.17551 15.5424 21.2023 16.8908 33.5085 14.1981 32.4136 11.4374 28.9964 11.0925 29.3171 26.6586 24.3989 35.3691 11.4297 29.1482 41.6378 19.87 35.2069 31.6086 ]
D = [ 3491 775 387 4331 1405 212 2384 256 1897 4754 1190 3528 646 2757 3126 1586 1901 3159 2140 2388 1780 4153 2527 4663 ]
K = 21
nk = [ 0 0 0 0 0 0 0 0 0 0 0 0 0 0 0 0 0 0 0 0 ]
First = [ 1 1 1 1 1 1 1 1 1 1 1 1 1 1 1 1 1 1 1 1 ]
Last = [ 1 1 1 1 1 1 1 1 1 1 1 1 1 1 1 1 1 1 1 1 ]
nS = 3
S = [ 1 0 0 0 0 0 0 0 1 0 0 0 0 0 0 0 1 0 0 0 ]
