n = 20 ; 
T = 24 ; 
Init = [ 1 0 1 0 1 0 1 0 0 1 1 1 1 1 1 1 1 0 1 1 ]
L = [ 8 9 3 10 4 8 7 3 3 10 9 4 9 10 3 6 4 9 6 9 ]
l = [ 8 9 3 10 4 8 7 3 3 10 9 4 9 10 3 6 4 9 6 9 ]
Pmin = [ 81 99 29 100 41 86 81 29 29 100 100 41 98 100 31 62 33 95 69 100 ]
Pmax = [ 336 398 100 420 154 343 311 101 104 409 396 133 400 420 109 227 124 390 248 405 ]
cf = [ 12.1402 59.3697 39.0327 30.0464 55.1735 56.9706 9.16978 64.0974 66.9069 7.05745 37.2481 28.8814 48.2612 26.0527 28.3105 50.0999 57.7517 48.9188 8.92924 40.2812 ]
c0 = [ 213 250 98 250 109 227 212 87 96 250 250 125 250 250 97 177 103 241 178 250 ]
cp = [ 23.3306 9.54298 35.5805 8.91194 32.0588 11.0522 22.3481 28.196 35.8451 8.87539 11.9381 28.4765 15.1102 8.54298 37.6346 26.0751 33.5546 18.7228 25.6483 8.96765 ]
D = [ 4656 4945 1467 2660 230 4324 1852 3268 5410 2183 1861 333 1250 4672 2356 5477 3529 2546 4959 3258 2551 2085 5178 644 ]
K = 21
nk = [ 719165048 32516 719165048 32516 0 0 0 0 0 0 0 0 0 0 0 0 0 0 0 0 ]
First = [ 1 1 1 1 1 1 1 1 1 1 1 1 1 1 1 1 1 1 1 1 ]
Last = [ 1 1 1 1 1 1 1 1 1 1 1 1 1 1 1 1 1 1 1 1 ]
nS = 3
S = [ 1 0 0 0 0 0 0 0 1 0 0 0 0 0 0 0 1 0 0 0 ]
