n = 10 ; 
T = 24 ; 
Init = [ 1 0 1 0 1 1 0 0 1 1 ]
L = [ 6 7 4 7 3 3 4 3 8 5 ]
l = [ 6 7 4 7 3 3 4 3 8 5 ]
Pmin = [ 60 70 50 80 30 40 50 30 90 50 ]
Pmax = [ 60 70 50 80 30 40 50 30 90 50 ]
cf = [ 7.54356 43.7633 18.0683 65.045 7.82403 27.2128 20.4093 64.3206 18.4446 33.3001 ]
c0 = [ 174 207 157 194 84 109 137 88 240 145 ]
cp = [ 20.9783 35.5194 24.138 25.5026 36.1406 33.3377 32.5294 40.2035 12.2337 23.6957 ]
D = [ 114 157 175 213 249 279 296 340 371 393 425 455 491 462 400 375 315 287 314 375 410 341 275 223 ]
K = 11
nk = [ 0 1 2 3 4 5 6 7 8 9 ]
First = [ 0 0 0 0 0 0 0 0 0 0 ]
Last = [ 0 0 0 0 0 0 0 0 0 0 ]
nS = 4
S = [ 1 0 0 0 0 0 1 1 0 1 ]
