n = 10 ; 
T = 24 ; 
Init = [ 1 1 0 0 1 1 1 1 1 0 ]
L = [ 9 4 10 5 5 3 5 2 2 4 ]
l = [ 9 4 10 5 5 3 5 2 2 4 ]
Pmin = [ 100 40 100 50 40 30 40 10 20 40 ]
Pmax = [ 100 40 100 50 40 30 40 10 20 40 ]
cf = [ 44.8094 21.1506 65.3773 57.6113 67.6509 30.2542 8.77035 17.2852 63.1835 54.255 ]
c0 = [ 250 124 250 134 128 96 127 62 63 120 ]
cp = [ 14.2115 33.5985 8.85673 14.1511 34.8765 36.325 37.9896 41.8466 36.7623 34.1002 ]
D = [ 89 125 149 171 211 232 253 288 310 337 365 389 426 382 355 324 291 258 297 338 384 300 242 160 ]
K = 11
nk = [ 0 1 2 3 4 5 6 7 8 9 ]
First = [ 0 0 0 0 0 0 0 0 0 0 ]
Last = [ 0 0 0 0 0 0 0 0 0 0 ]
nS = 3
S = [ 1 0 0 1 0 0 0 1 0 0 ]
