n = 10 ; 
T = 48 ; 
Init = [ 0 1 1 0 0 1 1 1 1 1 ]
L = [ 9 3 10 7 7 6 3 2 7 3 ]
l = [ 9 3 10 7 7 6 3 2 7 3 ]
Pmin = [ 100 30 100 80 70 60 40 30 80 20 ]
Pmax = [ 100 30 100 80 70 60 40 30 80 20 ]
cf = [ 14.9661 9.02419 63.9238 33.6757 34.4185 24.338 65.1042 26.1687 15.6583 21.6487 ]
c0 = [ 250 75 250 205 200 163 106 75 207 51 ]
cp = [ 8.93158 40.5053 10.538 29.6111 24.2014 30.3995 32.9511 41.581 24.6478 40.1818 ]
D = [ 141 186 202 244 269 290 319 357 374 415 433 464 485 455 419 371 341 303 349 429 487 393 327 234 169 197 236 261 276 328 349 380 407 437 480 519 538 501 450 396 337 278 344 421 460 386 326 237 ]
K = 11
nk = [ 0 1 2 3 4 5 6 7 8 9 ]
First = [ 0 0 0 0 0 0 0 0 0 0 ]
Last = [ 0 0 0 0 0 0 0 0 0 0 ]
nS = 4
S = [ 1 1 1 0 0 0 0 1 0 0 ]
