n = 10 ; 
T = 48 ; 
Init = [ 1 0 0 1 1 0 1 0 0 1 ]
L = [ 2 9 3 3 5 10 2 10 3 5 ]
l = [ 2 9 3 3 5 10 2 10 3 5 ]
Pmin = [ 20 90 30 30 50 100 20 100 30 50 ]
Pmax = [ 20 90 30 30 50 100 20 100 30 50 ]
cf = [ 35.6412 18.3176 14.6699 41.2512 64.3339 39.882 57.6676 50.8422 20.1882 34.7103 ]
c0 = [ 68 239 83 107 136 250 62 250 92 144 ]
cp = [ 41.7343 13.656 40.8583 38.7192 25.1054 8.93934 41.1337 9.24536 37.3628 32.2768 ]
D = [ 131 146 174 210 226 244 281 311 330 355 371 392 438 397 362 319 283 264 296 344 388 326 254 189 118 160 171 201 226 248 290 307 341 368 378 411 450 397 370 342 309 273 313 344 388 319 258 210 ]
K = 11
nk = [ 0 1 2 3 4 5 6 7 8 9 ]
First = [ 0 0 0 0 0 0 0 0 0 0 ]
Last = [ 0 0 0 0 0 0 0 0 0 0 ]
nS = 3
S = [ 1 0 1 0 0 0 0 0 1 0 ]
