n = 20 ; 
T = 24 ; 
Init = [ 0 0 0 0 0 0 0 0 1 0 0 0 1 1 0 1 0 1 1 1 ]
L = [ 3 7 9 6 4 7 2 9 4 5 2 8 3 3 10 3 9 3 4 3 ]
l = [ 3 7 9 6 4 7 2 9 4 5 2 8 3 3 10 3 9 3 4 3 ]
Pmin = [ 20 70 100 60 40 80 20 100 40 50 20 90 30 30 100 30 100 30 40 30 ]
Pmax = [ 20 70 100 60 40 80 20 100 40 50 20 90 30 30 100 30 100 30 40 30 ]
cf = [ 42.9592 7.57316 63.4958 67.4827 40.2131 13.3257 42.5574 52.9981 48.9145 65.5957 12.9168 68.7746 47.4347 9.74054 57.3907 48.0496 35.479 57.7191 38.0056 49.5378 ]
c0 = [ 69 194 250 175 96 202 49 250 111 149 76 249 94 89 250 95 250 101 109 94 ]
cp = [ 30.3788 26.0346 12.18 23.5734 33.3942 27.7931 41.841 19.1918 26.9474 22.0522 41.9852 17.853 31.3207 32.8574 10.1681 39.4391 10.192 35.1281 29.9869 34.232 ]
D = [ 267 306 377 451 476 549 602 645 714 769 837 887 919 855 763 711 611 514 613 697 756 641 510 420 ]
K = 21
nk = [ 0 1 2 3 4 5 6 7 8 9 10 11 12 13 14 15 16 17 18 19 ]
First = [ 0 0 0 0 0 0 0 0 0 0 0 0 0 0 0 0 0 0 0 0 ]
Last = [ 0 0 0 0 0 0 0 0 0 0 0 0 0 0 0 0 0 0 0 0 ]
nS = 7
S = [ 1 0 0 1 0 1 1 0 0 0 1 1 0 0 0 0 1 0 0 0 ]
