n = 20 ; 
T = 24 ; 
Init = [ 0 1 0 1 0 1 0 0 0 1 0 0 1 0 1 0 0 1 1 1 ]
L = [ 5 7 6 8 6 2 7 3 3 10 9 6 4 5 9 5 7 8 9 2 ]
l = [ 5 7 6 8 6 2 7 3 3 10 9 6 4 5 9 5 7 8 9 2 ]
Pmin = [ 60 80 60 90 70 30 70 20 30 100 90 60 40 50 100 50 80 90 90 20 ]
Pmax = [ 60 80 60 90 70 30 70 20 30 100 90 60 40 50 100 50 80 90 90 20 ]
cf = [ 54.8933 17.8276 51.8272 21.9214 41.1744 65.7906 34.1275 60.5466 60.9075 59.1122 48.9632 16.4769 25.2052 39.5585 29.4324 8.09846 36.9635 58.0372 34.0296 58.0233 ]
c0 = [ 150 203 166 223 192 99 189 63 77 250 246 157 113 120 240 142 208 222 247 67 ]
cp = [ 24.6223 23.8767 26.914 15.4456 18.8472 41.3042 25.3066 40.1826 34.2033 9.56479 9.94515 33.5111 26.6033 35.3697 9.46341 24.657 21.0486 20.8818 11.7225 41.0348 ]
D = [ 496 12 50 551 110 174 229 1136 380 136 79 73 356 990 376 1051 904 927 859 719 706 431 912 1076 ]
K = 21
nk = [ 0 1 2 3 4 5 6 7 8 9 10 11 12 13 14 15 16 17 18 19 ]
First = [ 0 0 0 0 0 0 0 0 0 0 0 0 0 0 0 0 0 0 0 0 ]
Last = [ 0 0 0 0 0 0 0 0 0 0 0 0 0 0 0 0 0 0 0 0 ]
nS = 9
S = [ 1 1 1 1 0 1 0 0 0 0 1 0 0 1 0 0 1 0 0 1 ]
