n = 20 ; 
T = 24 ; 
Init = [ 1 0 0 1 1 0 1 1 0 1 0 0 0 0 0 0 0 1 1 1 ]
L = [ 4 10 3 5 2 5 5 3 8 5 7 9 4 8 4 3 5 8 4 8 ]
l = [ 4 10 3 5 2 5 5 3 8 5 7 9 4 8 4 3 5 8 4 8 ]
Pmin = [ 40 100 30 60 20 50 50 30 80 60 60 100 40 80 40 30 60 80 30 90 ]
Pmax = [ 40 100 30 60 20 50 50 30 80 60 60 100 40 80 40 30 60 80 30 90 ]
cf = [ 36.7271 33.2472 16.5547 9.36177 37.773 41.0892 65.2886 45.7031 43.5266 14.4302 57.5848 17.9042 27.6998 41.8575 57.1198 53.8687 24.2284 45.4605 66.6891 40.6636 ]
c0 = [ 119 250 90 156 72 139 157 86 200 152 174 250 126 209 126 99 154 227 96 232 ]
cp = [ 29.4548 8.80257 38.249 17.9448 40.139 36.6489 27.1624 37.0981 19.5262 27.2038 16.9652 8.90666 22.4375 17.8565 33.3182 29.2475 29.29 23.0288 39.474 19.1469 ]
D = [ 924 932 716 787 1051 554 290 336 314 760 10 847 100 181 890 652 793 805 217 318 939 1124 513 180 ]
K = 21
nk = [ 0 1 2 3 4 5 6 7 8 9 10 11 12 13 14 15 16 17 18 19 ]
First = [ 0 0 0 0 0 0 0 0 0 0 0 0 0 0 0 0 0 0 0 0 ]
Last = [ 0 0 0 0 0 0 0 0 0 0 0 0 0 0 0 0 0 0 0 0 ]
nS = 7
S = [ 1 0 0 0 0 0 1 0 1 0 0 0 0 1 0 1 1 0 0 1 ]
