n = 20 ; 
T = 24 ; 
Init = [ 1 0 1 0 1 1 1 0 1 0 0 1 0 0 1 1 1 0 0 0 ]
L = [ 9 3 7 5 6 3 3 5 5 9 8 5 5 9 4 10 3 9 6 3 ]
l = [ 9 3 7 5 6 3 3 5 5 9 8 5 5 9 4 10 3 9 6 3 ]
Pmin = [ 100 20 80 50 60 30 40 50 50 100 80 60 50 100 40 100 20 100 60 30 ]
Pmax = [ 100 20 80 50 60 30 40 50 50 100 80 60 50 100 40 100 20 100 60 30 ]
cf = [ 31.1678 55.1163 30.2189 40.6547 52.5505 37.6054 57.0983 52.9583 13.1662 30.5601 66.0229 19.0662 12.5959 64.3919 62.3259 48.7735 49.8827 56.29 23.0312 28.7466 ]
c0 = [ 250 79 233 155 162 108 116 144 154 250 195 152 159 250 107 250 71 250 162 94 ]
cp = [ 9.03923 37.4388 29.5978 36.5899 20.1171 35.1794 37.7272 33.2189 33.7012 12.8527 23.5555 31.9733 30.2378 12.0233 27.9829 9.54059 40.492 12.9739 29.4049 31.6534 ]
D = [ 246 319 413 444 513 579 642 681 727 799 847 930 968 923 838 751 685 612 694 793 892 721 579 440 ]
K = 21
nk = [ 0 1 2 3 4 5 6 7 8 9 10 11 12 13 14 15 16 17 18 19 ]
First = [ 0 0 0 0 0 0 0 0 0 0 0 0 0 0 0 0 0 0 0 0 ]
Last = [ 0 0 0 0 0 0 0 0 0 0 0 0 0 0 0 0 0 0 0 0 ]
nS = 8
S = [ 1 1 0 1 0 1 1 0 0 0 0 1 0 0 1 0 0 0 0 1 ]
