n = 20 ; 
T = 24 ; 
Init = [ 0 0 0 0 0 1 1 1 1 0 0 1 1 1 1 1 0 1 0 0 ]
L = [ 10 8 5 7 4 5 7 7 5 7 6 3 7 6 10 3 6 7 8 6 ]
l = [ 10 8 5 7 4 5 7 7 5 7 6 3 7 6 10 3 6 7 8 6 ]
Pmin = [ 100 90 50 80 40 60 80 80 60 80 60 30 80 70 100 30 70 70 100 60 ]
Pmax = [ 100 90 50 80 40 60 80 80 60 80 60 30 80 70 100 30 70 70 100 60 ]
cf = [ 40.2718 30.5982 64.4679 26.8435 28.6787 7.94982 62.7803 26.7086 55.8094 29.707 15.1996 25.1369 8.59775 48.3199 11.1941 44.1347 53.9743 44.4823 24.8511 8.82785 ]
c0 = [ 250 244 147 228 121 147 213 221 148 201 154 75 218 173 250 92 175 182 250 171 ]
cp = [ 10.4765 13.9776 35.0086 17.5855 29.0167 28.5879 19.5815 22.5525 34.7681 18.4877 22.6724 39.2181 20.6705 29.0647 8.35678 34.9721 27.0442 24.3976 14.4399 28.721 ]
D = [ 61 503 133 1246 685 1079 305 889 62 1365 376 796 496 254 1234 974 275 1075 19 1352 186 200 362 221 ]
K = 21
nk = [ 0 1 2 3 4 5 6 7 8 9 10 11 12 13 14 15 16 17 18 19 ]
First = [ 0 0 0 0 0 0 0 0 0 0 0 0 0 0 0 0 0 0 0 0 ]
Last = [ 0 0 0 0 0 0 0 0 0 0 0 0 0 0 0 0 0 0 0 0 ]
nS = 5
S = [ 1 0 0 0 0 0 1 0 0 0 0 1 0 0 0 1 0 0 0 1 ]
