n = 20 ; 
T = 24 ; 
Init = [ 0 1 0 1 0 1 1 0 0 0 1 0 1 1 1 1 0 1 0 1 ]
L = [ 3 9 5 2 8 8 7 2 7 6 5 9 7 5 2 6 7 7 9 9 ]
l = [ 3 9 5 2 8 8 7 2 7 6 5 9 7 5 2 6 7 7 9 9 ]
Pmin = [ 30 100 60 30 90 90 70 20 70 60 60 100 80 60 20 60 80 70 100 100 ]
Pmax = [ 30 100 60 30 90 90 70 20 70 60 60 100 80 60 20 60 80 70 100 100 ]
cf = [ 37.6241 21.1971 66.6625 22.3381 66.9673 20.8724 63.5423 29.6783 40.2744 51.2601 28.6211 34.7635 14.4075 25.5235 21.6994 28.246 40.1219 22.7271 30.6291 16.166 ]
c0 = [ 113 250 172 90 238 238 177 55 188 171 170 250 228 164 53 164 203 179 250 250 ]
cp = [ 36.7442 8.73339 28.3481 41.4226 18.9258 18.4829 21.7137 41.3261 29.8909 20.0399 26.5864 10.5219 28.2252 26.1344 39.5904 26.6618 25.0268 19.136 9.85452 17.0454 ]
D = [ 301 229 908 7 686 1076 728 957 259 1235 151 916 189 79 1244 124 376 1106 610 1089 704 1074 334 863 ]
K = 21
nk = [ 0 1 2 3 4 5 6 7 8 9 10 11 12 13 14 15 16 17 18 19 ]
First = [ 0 0 0 0 0 0 0 0 0 0 0 0 0 0 0 0 0 0 0 0 ]
Last = [ 0 0 0 0 0 0 0 0 0 0 0 0 0 0 0 0 0 0 0 0 ]
nS = 11
S = [ 1 0 1 1 0 0 1 1 1 0 0 1 0 1 1 0 1 1 0 0 ]
