n = 20 ; 
T = 24 ; 
Init = [ 1 0 0 0 1 1 1 1 0 0 1 0 1 1 0 1 0 1 0 1 ]
L = [ 6 10 8 6 3 9 9 9 6 7 9 7 8 7 5 3 5 3 3 8 ]
l = [ 6 10 8 6 3 9 9 9 6 7 9 7 8 7 5 3 5 3 3 8 ]
Pmin = [ 70 100 80 70 20 100 90 100 70 80 100 80 90 80 50 20 50 30 20 90 ]
Pmax = [ 70 100 80 70 20 100 90 100 70 80 100 80 90 80 50 20 50 30 20 90 ]
cf = [ 15.4521 53.5651 54.2562 34.205 16.8522 39.5036 56.8514 26.2931 8.71082 65.7909 13.9914 18.954 28.8178 59.8514 17.1964 64.9899 29.6883 32.9599 8.86455 69.471 ]
c0 = [ 173 250 218 191 71 250 238 250 185 218 248 212 228 206 146 65 123 78 68 240 ]
cp = [ 24.737 8.54816 18.4496 24.9626 38.3906 12.1912 10.1368 12.5388 29.6396 17.3255 18.937 22.8989 12.6611 21.718 27.1148 38.832 22.3016 40.5768 36.5413 17.9013 ]
D = [ 1021 706 441 1026 199 846 1139 218 1267 854 202 63 491 1245 663 708 572 373 1134 610 280 1288 873 762 ]
K = 21
nk = [ 0 1 2 3 4 5 6 7 8 9 10 11 12 13 14 15 16 17 18 19 ]
First = [ 0 0 0 0 0 0 0 0 0 0 0 0 0 0 0 0 0 0 0 0 ]
Last = [ 0 0 0 0 0 0 0 0 0 0 0 0 0 0 0 0 0 0 0 0 ]
nS = 9
S = [ 1 1 1 1 0 0 0 0 1 1 0 1 0 0 0 0 1 0 0 1 ]
