n = 20 ; 
T = 24 ; 
Init = [ 0 0 1 1 0 0 0 1 1 1 1 1 1 1 0 0 0 0 0 1 ]
L = [ 4 2 7 10 5 5 6 9 10 8 6 6 2 9 5 5 8 3 10 9 ]
l = [ 4 2 7 10 5 5 6 9 10 8 6 6 2 9 5 5 8 3 10 9 ]
Pmin = [ 40 20 80 100 50 60 60 100 100 90 70 60 20 100 60 50 80 20 100 100 ]
Pmax = [ 40 20 80 100 50 60 60 100 100 90 70 60 20 100 60 50 80 20 100 100 ]
cf = [ 67.4647 51.4637 54.2753 20.338 9.4077 13.3962 46.2055 12.1342 19.1748 10.4305 9.25192 64.6685 12.6732 32.0828 12.9798 55.5266 37.2973 39.0548 17.2808 64.7602 ]
c0 = [ 111 56 199 250 146 145 164 250 250 228 183 176 73 250 153 132 214 81 250 250 ]
cp = [ 36.2705 41.9443 22.9377 8.92807 26.905 28.5157 25.3783 12.4968 10.7687 15.5328 26.5887 19.6719 40.7436 15.15 36.5487 35.9694 12.5392 34.1925 8.57487 19.7671 ]
D = [ 271 348 447 534 582 643 762 797 915 950 1029 1151 1215 1080 969 896 760 697 794 890 970 842 660 535 ]
K = 21
nk = [ 0 1 2 3 4 5 6 7 8 9 10 11 12 13 14 15 16 17 18 19 ]
First = [ 0 0 0 0 0 0 0 0 0 0 0 0 0 0 0 0 0 0 0 0 ]
Last = [ 0 0 0 0 0 0 0 0 0 0 0 0 0 0 0 0 0 0 0 0 ]
nS = 5
S = [ 1 0 0 0 0 1 1 0 0 0 1 0 0 0 0 1 0 0 0 0 ]
