n = 20 ; 
T = 24 ; 
Init = [ 1 1 1 1 1 0 1 1 1 1 1 1 1 1 1 1 1 1 1 0 ]
L = [ 6 7 10 4 3 3 3 9 5 4 6 5 5 6 9 6 5 2 9 3 ]
l = [ 6 7 10 4 3 3 3 9 5 4 6 5 5 6 9 6 5 2 9 3 ]
Pmin = [ 60 80 100 40 30 30 20 100 50 40 70 60 50 70 100 60 50 20 100 20 ]
Pmax = [ 60 80 100 40 30 30 20 100 50 40 70 60 50 70 100 60 50 20 100 20 ]
cf = [ 9.45901 54.2521 27.9082 24.1535 39.0671 15.4441 64.6417 65.4554 27.7785 13.7793 66.116 64.9728 22.4888 45.9022 27.6128 68.7468 39.7225 24.2636 17.6723 49.8414 ]
c0 = [ 170 201 250 116 92 98 86 249 144 116 181 154 156 194 245 178 137 57 243 64 ]
cp = [ 20.2758 29.3091 8.02551 33.2604 33.7353 38.598 40.0031 12.9997 37.0145 17.525 15.1036 22.209 30.9515 36.7885 16.9496 25.2553 31.0342 39.6163 17.9818 36.9307 ]
D = [ 317 359 445 498 528 571 664 681 751 795 869 921 955 896 833 722 655 591 666 740 833 697 554 395 ]
K = 21
nk = [ 0 1 2 3 4 5 6 7 8 9 10 11 12 13 14 15 16 17 18 19 ]
First = [ 0 0 0 0 0 0 0 0 0 0 0 0 0 0 0 0 0 0 0 0 ]
Last = [ 0 0 0 0 0 0 0 0 0 0 0 0 0 0 0 0 0 0 0 0 ]
nS = 4
S = [ 1 0 0 0 0 0 1 0 0 0 0 1 0 0 0 1 0 0 0 0 ]
