n = 20 ; 
T = 24 ; 
Init = [ 0 1 0 0 0 0 1 1 1 0 0 0 1 0 1 1 0 0 0 1 ]
L = [ 6 5 7 10 9 9 7 10 8 4 7 6 7 6 6 7 6 7 5 6 ]
l = [ 6 5 7 10 9 9 7 10 8 4 7 6 7 6 6 7 6 7 5 6 ]
Pmin = [ 60 50 70 100 100 100 70 100 80 40 70 60 70 60 60 70 50 80 50 60 ]
Pmax = [ 60 50 70 100 100 100 70 100 80 40 70 60 70 60 60 70 50 80 50 60 ]
cf = [ 19.6973 8.28289 19.2056 21.1481 18.1356 27.3985 45.9524 19.6163 54.0726 41.6528 52.3827 68.1313 13.7371 46.7738 28.6499 21.4543 56.8249 65.9037 30.2289 60.2312 ]
c0 = [ 157 141 208 250 250 250 187 250 203 126 187 166 187 169 147 187 152 201 153 153 ]
cp = [ 32.1457 18.7506 25.1682 10.6454 15.3668 12.9628 24.7228 8.80689 13.3814 38.1596 20.6522 25.2329 11.1104 31.1767 15.1332 15.3133 19.2963 12.2245 23.8182 29.991 ]
D = [ 371 434 517 610 688 742 840 909 972 1016 1137 1209 1270 1128 1048 914 838 715 816 940 1083 874 671 519 ]
K = 21
nk = [ 0 1 2 3 4 5 6 7 8 9 10 11 12 13 14 15 16 17 18 19 ]
First = [ 0 0 0 0 0 0 0 0 0 0 0 0 0 0 0 0 0 0 0 0 ]
Last = [ 0 0 0 0 0 0 0 0 0 0 0 0 0 0 0 0 0 0 0 0 ]
nS = 6
S = [ 1 0 1 0 0 0 0 1 1 0 0 0 0 0 1 0 0 0 0 1 ]
