n = 20 ; 
T = 24 ; 
Init = [ 0 0 1 1 0 1 0 0 0 1 1 0 1 0 0 0 1 0 0 0 ]
L = [ 5 5 4 4 4 8 6 3 10 8 8 4 7 6 3 8 4 7 7 9 ]
l = [ 5 5 4 4 4 8 6 3 10 8 8 4 7 6 3 8 4 7 7 9 ]
Pmin = [ 50 50 50 50 40 90 70 30 100 90 80 40 80 60 30 80 40 80 80 100 ]
Pmax = [ 50 50 50 50 40 90 70 30 100 90 80 40 80 60 30 80 40 80 80 100 ]
cf = [ 47.1347 64.1328 61.3938 21.6045 66.7887 26.5405 20.3628 58.2579 31.0779 50.17 43.7553 12.1386 24.863 58.0291 54.6307 58.9275 19.7207 34.6919 9.46715 36.6467 ]
c0 = [ 134 144 132 138 113 234 198 89 250 250 216 111 206 163 76 222 114 199 202 250 ]
cp = [ 21.5874 33.7601 32.1953 24.9154 35.7417 19.5492 17.412 36.7204 12.5077 9.29583 14.7502 31.0268 19.245 28.3755 38.2209 20.9595 34.8562 23.5094 23.929 12.6535 ]
D = [ 380 577 1024 507 1078 1217 1186 1091 60 371 798 882 251 621 1181 185 1022 164 1235 225 1048 697 330 124 ]
K = 21
nk = [ 0 1 2 3 4 5 6 7 8 9 10 11 12 13 14 15 16 17 18 19 ]
First = [ 0 0 0 0 0 0 0 0 0 0 0 0 0 0 0 0 0 0 0 0 ]
Last = [ 0 0 0 0 0 0 0 0 0 0 0 0 0 0 0 0 0 0 0 0 ]
nS = 8
S = [ 1 1 0 0 1 0 0 0 1 1 1 0 0 0 0 1 1 0 0 0 ]
