n = 20 ; 
T = 24 ; 
Init = [ 0 0 1 1 1 1 0 0 0 0 0 0 1 1 0 0 1 1 1 0 ]
L = [ 3 6 10 7 3 9 6 6 4 6 8 7 7 7 3 8 2 7 9 9 ]
l = [ 3 6 10 7 3 9 6 6 4 6 8 7 7 7 3 8 2 7 9 9 ]
Pmin = [ 30 70 100 70 30 80 60 60 40 60 90 80 80 80 30 90 20 80 90 100 ]
Pmax = [ 30 70 100 70 30 80 60 60 40 60 90 80 80 80 30 90 20 80 90 100 ]
cf = [ 7.06023 19.4742 51.1222 65.3775 63.2698 18.7796 38.0779 47.3971 49.1475 44.6385 35.609 53.9958 46.2271 62.5483 36.8248 57.7078 36.9418 36.3574 36.9016 8.15404 ]
c0 = [ 79 179 250 196 87 225 180 176 107 172 237 209 199 200 83 228 65 205 233 250 ]
cp = [ 36.0416 14.7638 10.3076 12.8292 37.818 10.5337 33.8437 19.3572 34.9959 20.849 20.8015 13.76 19.7864 21.4862 39.935 23.3164 41.869 30.0427 11.8117 12.7005 ]
D = [ 1226 1330 555 231 397 1266 797 887 721 1028 607 722 1293 205 623 1150 456 1285 669 12 745 1278 1012 239 ]
K = 21
nk = [ 0 1 2 3 4 5 6 7 8 9 10 11 12 13 14 15 16 17 18 19 ]
First = [ 0 0 0 0 0 0 0 0 0 0 0 0 0 0 0 0 0 0 0 0 ]
Last = [ 0 0 0 0 0 0 0 0 0 0 0 0 0 0 0 0 0 0 0 0 ]
nS = 6
S = [ 1 0 1 0 1 0 1 0 0 0 0 0 1 0 0 0 0 0 1 0 ]
