n = 20 ; 
T = 24 ; 
Init = [ 0 0 1 0 0 1 0 0 1 1 1 1 0 0 1 1 1 1 0 0 ]
L = [ 4 7 8 6 5 9 7 6 5 9 2 8 6 8 4 5 6 4 6 10 ]
l = [ 4 7 8 6 5 9 7 6 5 9 2 8 6 8 4 5 6 4 6 10 ]
Pmin = [ 40 80 80 60 50 100 80 70 50 90 30 80 60 80 40 50 60 40 60 100 ]
Pmax = [ 40 80 80 60 50 100 80 70 50 90 30 80 60 80 40 50 60 40 60 100 ]
cf = [ 44.6949 43.7154 45.2745 53.6323 54.2403 45.9942 45.2652 43.9484 20.1217 60.1853 55.0423 9.12966 57.7083 26.094 49.6911 32.1072 13.4835 36.9352 20.9509 36.602 ]
c0 = [ 128 230 209 174 142 250 214 188 145 228 81 212 171 215 115 132 183 112 165 250 ]
cp = [ 23.8786 18.4976 13.5799 26.0461 25.52 20.935 21.3671 30.2904 25.5295 12.8759 30.6094 19.8098 19.8182 17.9479 23.6697 21.1212 16.9735 24.6154 24.7921 8.89092 ]
D = [ 346 424 457 552 618 669 725 790 842 905 970 1067 1130 1037 959 846 749 685 744 857 944 807 672 492 ]
K = 21
nk = [ 0 1 2 3 4 5 6 7 8 9 10 11 12 13 14 15 16 17 18 19 ]
First = [ 0 0 0 0 0 0 0 0 0 0 0 0 0 0 0 0 0 0 0 0 ]
Last = [ 0 0 0 0 0 0 0 0 0 0 0 0 0 0 0 0 0 0 0 0 ]
nS = 5
S = [ 1 0 0 0 0 0 1 0 0 0 1 0 0 0 1 1 0 0 0 0 ]
