n = 20 ; 
T = 24 ; 
Init = [ 0 1 0 1 1 1 0 1 1 0 0 0 0 1 1 1 1 0 1 1 ]
L = [ 4 6 6 6 9 3 9 8 8 6 5 4 2 8 3 3 5 9 10 5 ]
l = [ 4 6 6 6 9 3 9 8 8 6 5 4 2 8 3 3 5 9 10 5 ]
Pmin = [ 50 70 50 60 90 20 100 90 90 70 50 50 20 90 30 30 50 100 100 60 ]
Pmax = [ 50 70 50 60 90 20 100 90 90 70 50 50 20 90 30 30 50 100 100 60 ]
cf = [ 68.1654 7.59676 42.1111 41.6784 61.426 62.4027 62.5196 53.1199 16.9325 29.4424 39.3532 31.4178 32.4636 56.8104 63.8272 67.1566 37.1654 27.6182 19.18 33.3601 ]
c0 = [ 122 179 147 172 248 70 250 221 248 200 140 136 81 238 80 79 148 250 250 146 ]
cp = [ 39.29 16.6152 24.5392 28.9583 14.8001 38.5616 14.5392 17.7849 23.4387 24.4271 25.7567 32.5949 40.0561 14.8731 28.1145 38.2788 24.5655 11.1032 8.13524 31.3053 ]
D = [ 395 431 143 233 852 229 620 51 474 65 84 437 77 792 1136 1175 639 985 834 839 168 217 61 681 ]
K = 21
nk = [ 0 1 2 3 4 5 6 7 8 9 10 11 12 13 14 15 16 17 18 19 ]
First = [ 0 0 0 0 0 0 0 0 0 0 0 0 0 0 0 0 0 0 0 0 ]
Last = [ 0 0 0 0 0 0 0 0 0 0 0 0 0 0 0 0 0 0 0 0 ]
nS = 5
S = [ 1 0 1 0 0 0 0 1 0 0 0 0 0 1 0 0 0 0 0 1 ]
