n = 20 ; 
T = 24 ; 
Init = [ 1 0 0 0 1 1 0 1 1 0 0 1 1 1 1 0 0 1 1 1 ]
L = [ 7 7 5 5 4 6 5 5 5 10 7 10 7 4 5 5 7 6 9 9 ]
l = [ 7 7 5 5 4 6 5 5 5 10 7 10 7 4 5 5 7 6 9 9 ]
Pmin = [ 80 80 60 50 40 70 50 50 50 100 70 100 70 40 60 50 80 60 100 100 ]
Pmax = [ 80 80 60 50 40 70 50 50 50 100 70 100 70 40 60 50 80 60 100 100 ]
cf = [ 37.9149 27.2102 53.3789 38.499 25.4133 16.3886 19.7819 58.6495 29.1903 67.8365 60.1989 32.5762 22.4096 9.41708 53.5583 19.4181 7.78541 61.0633 60.0835 14.8686 ]
c0 = [ 204 207 152 136 134 192 125 141 138 250 187 247 191 135 162 140 207 167 250 250 ]
cp = [ 26.8952 12.7167 32.1493 37.1915 30.9768 21.4997 30.9453 23.826 34.275 8.16264 17.4703 8.43056 26.37 37.8127 33.1795 29.6736 23.0696 18.7131 9.12067 16.1279 ]
D = [ 895 330 264 64 159 20 259 947 1300 499 584 607 936 225 1287 1333 428 203 1088 907 156 876 99 489 ]
K = 21
nk = [ 0 1 2 3 4 5 6 7 8 9 10 11 12 13 14 15 16 17 18 19 ]
First = [ 0 0 0 0 0 0 0 0 0 0 0 0 0 0 0 0 0 0 0 0 ]
Last = [ 0 0 0 0 0 0 0 0 0 0 0 0 0 0 0 0 0 0 0 0 ]
nS = 6
S = [ 1 0 0 0 1 0 1 0 0 0 0 0 1 1 0 0 1 0 0 0 ]
