n = 20 ; 
T = 24 ; 
Init = [ 0 1 0 1 1 1 1 1 1 1 1 0 1 0 0 0 0 1 0 0 ]
L = [ 8 10 6 4 5 4 3 4 5 9 4 3 2 2 9 6 7 5 4 2 ]
l = [ 8 10 6 4 5 4 3 4 5 9 4 3 2 2 9 6 7 5 4 2 ]
Pmin = [ 90 100 50 50 50 40 40 40 50 100 50 40 20 20 100 60 70 50 40 20 ]
Pmax = [ 90 100 50 50 50 40 40 40 50 100 50 40 20 20 100 60 70 50 40 20 ]
cf = [ 24.6888 38.9879 37.7058 22.8908 50.9569 66.8094 50.5395 20.8377 47.9114 7.05547 26.6201 44.3286 52.4148 12.3722 55.0438 7.28105 30.8894 27.7623 48.8303 53.8354 ]
c0 = [ 247 250 158 129 140 120 106 127 136 250 126 104 77 71 250 162 197 159 113 76 ]
cp = [ 25.7606 10.1465 18.941 33.2377 37.109 23.3736 38.1864 33.223 29.9741 8.19812 39.2658 38.5555 41.3029 40.9443 13.0544 19.5593 19.5834 28.6834 30.9161 41.0525 ]
D = [ 263 312 342 440 479 556 589 682 715 781 849 893 948 887 798 674 584 507 625 701 804 707 573 449 ]
K = 21
nk = [ 0 1 2 3 4 5 6 7 8 9 10 11 12 13 14 15 16 17 18 19 ]
First = [ 0 0 0 0 0 0 0 0 0 0 0 0 0 0 0 0 0 0 0 0 ]
Last = [ 0 0 0 0 0 0 0 0 0 0 0 0 0 0 0 0 0 0 0 0 ]
nS = 6
S = [ 1 0 1 0 0 0 1 0 0 0 1 0 0 0 0 1 0 0 0 1 ]
