n = 20 ; 
T = 24 ; 
Init = [ 1 1 1 0 0 0 0 0 1 1 1 0 1 0 1 0 0 0 0 0 ]
L = [ 6 4 3 5 4 6 8 3 10 7 2 2 4 3 6 5 5 4 7 10 ]
l = [ 6 4 3 5 4 6 8 3 10 7 2 2 4 3 6 5 5 4 7 10 ]
Pmin = [ 70 50 30 50 40 70 90 30 100 70 20 20 40 30 60 50 50 50 80 100 ]
Pmax = [ 70 50 30 50 40 70 90 30 100 70 20 20 40 30 60 50 50 50 80 100 ]
cf = [ 67.416 16.4134 12.4703 12.6084 26.489 8.92662 42.2482 9.9998 66.0056 35.3483 32.3008 47.7628 20.8065 48.7178 49.9702 48.1142 12.534 11.0977 29.5967 31.2145 ]
c0 = [ 184 138 83 139 113 179 238 97 250 201 68 84 115 87 164 140 148 146 233 250 ]
cp = [ 27.4251 31.4192 36.0777 32.6892 31.2954 32.2691 13.5082 32.4857 18.1598 19.2422 36.8984 40.5919 19.6821 38.9023 25.8011 22.2085 28.8136 24.3556 18.5375 9.70706 ]
D = [ 1031 806 341 415 463 441 167 865 136 164 583 91 328 679 189 668 713 804 721 643 199 63 255 440 ]
K = 21
nk = [ 0 1 2 3 4 5 6 7 8 9 10 11 12 13 14 15 16 17 18 19 ]
First = [ 0 0 0 0 0 0 0 0 0 0 0 0 0 0 0 0 0 0 0 0 ]
Last = [ 0 0 0 0 0 0 0 0 0 0 0 0 0 0 0 0 0 0 0 0 ]
nS = 7
S = [ 1 0 1 0 1 0 0 0 1 0 0 0 0 1 0 0 0 0 1 1 ]
