n = 20 ; 
T = 24 ; 
Init = [ 1 0 0 0 0 0 1 0 1 0 0 1 1 1 0 1 0 1 0 0 ]
L = [ 10 9 10 6 5 4 3 6 9 10 3 2 8 3 3 3 6 7 4 6 ]
l = [ 10 9 10 6 5 4 3 6 9 10 3 2 8 3 3 3 6 7 4 6 ]
Pmin = [ 100 100 100 60 50 50 30 60 100 100 30 30 80 20 30 30 60 70 40 60 ]
Pmax = [ 100 100 100 60 50 50 30 60 100 100 30 30 80 20 30 30 60 70 40 60 ]
cf = [ 37.7985 49.5375 68.5649 42.2989 17.9211 57.2005 67.0542 25.6325 7.47431 31.3828 27.0944 30.6596 10.5795 12.225 11.6748 53.0483 69.054 9.94606 47.5371 20.9419 ]
c0 = [ 250 250 250 173 147 140 103 184 244 250 110 79 203 74 81 79 165 203 136 169 ]
cp = [ 14.0238 9.28742 13.391 25.2371 27.9107 27.3415 39.1507 24.0347 13.4021 10.031 36.1703 37.9716 18.8365 36.5967 36.1484 36.7187 18.8925 30.5439 30.2844 23.9986 ]
D = [ 10 571 611 511 1146 650 1014 250 470 896 668 1057 506 641 529 714 397 473 1069 406 938 252 857 1006 ]
K = 21
nk = [ 0 1 2 3 4 5 6 7 8 9 10 11 12 13 14 15 16 17 18 19 ]
First = [ 0 0 0 0 0 0 0 0 0 0 0 0 0 0 0 0 0 0 0 0 ]
Last = [ 0 0 0 0 0 0 0 0 0 0 0 0 0 0 0 0 0 0 0 0 ]
nS = 5
S = [ 1 0 0 0 1 0 0 0 1 0 0 0 0 0 1 0 0 0 1 0 ]
