n = 20 ; 
T = 24 ; 
Init = [ 0 1 1 1 1 1 0 1 0 1 0 1 0 0 1 1 1 0 0 1 ]
L = [ 5 6 4 9 10 5 9 8 5 8 10 5 7 9 3 3 8 4 8 5 ]
l = [ 5 6 4 9 10 5 9 8 5 8 10 5 7 9 3 3 8 4 8 5 ]
Pmin = [ 60 60 30 100 100 50 90 80 60 80 100 50 80 100 30 30 80 40 90 50 ]
Pmax = [ 60 60 30 100 100 50 90 80 60 80 100 50 80 100 30 30 80 40 90 50 ]
cf = [ 8.72936 41.7425 26.0761 48.6226 28.9674 30.2835 32.709 64.4759 7.25004 22.5896 27.5518 17.968 56.1093 14.882 21.7583 10.8044 47.0485 47.594 59.8296 49.0701 ]
c0 = [ 147 168 107 250 250 144 244 217 143 221 250 157 216 250 91 79 210 115 247 155 ]
cp = [ 31.7157 17.2318 35.4243 9.05536 9.7611 34.9976 16.2048 21.988 30.8955 17.6457 8.71205 21.7011 21.7849 15.4148 31.616 35.6673 22.3028 34.4202 13.866 30.2891 ]
D = [ 350 403 455 536 595 652 739 826 870 922 992 1092 1145 1034 984 897 790 677 806 900 976 843 661 540 ]
K = 21
nk = [ 0 1 2 3 4 5 6 7 8 9 10 11 12 13 14 15 16 17 18 19 ]
First = [ 0 0 0 0 0 0 0 0 0 0 0 0 0 0 0 0 0 0 0 0 ]
Last = [ 0 0 0 0 0 0 0 0 0 0 0 0 0 0 0 0 0 0 0 0 ]
nS = 6
S = [ 1 0 0 0 0 1 0 0 0 1 0 0 0 0 0 1 1 0 0 1 ]
