n = 20 ; 
T = 24 ; 
Init = [ 1 1 1 0 0 1 0 0 0 1 1 0 1 0 0 1 1 1 0 0 ]
L = [ 10 2 6 8 9 9 4 9 4 3 5 8 6 4 4 5 8 6 4 7 ]
l = [ 10 2 6 8 9 9 4 9 4 3 5 8 6 4 4 5 8 6 4 7 ]
Pmin = [ 100 20 60 90 100 100 40 90 40 30 40 100 70 30 40 60 90 70 40 80 ]
Pmax = [ 100 20 60 90 100 100 40 90 40 30 40 100 70 30 40 60 90 70 40 80 ]
cf = [ 13.8204 64.1481 36.5333 12.4704 10.4318 42.9051 62.6544 52.8295 16.4659 69.7901 26.0148 61.6792 22.5187 58.6333 25.4688 56.992 13.0532 7.36993 51.3947 17.5763 ]
c0 = [ 250 57 163 222 250 250 118 247 117 83 134 243 188 86 106 153 239 193 111 204 ]
cp = [ 8.48996 38.8282 16.8209 20.1526 14.1369 10.5399 32.9648 15.0886 29.7587 37.2458 17.5583 20.2168 30.2353 28.7495 31.1004 29.7347 18.6333 26.3207 38.7032 30.8597 ]
D = [ 313 357 441 506 597 632 721 802 865 935 1014 1052 1138 1042 936 847 767 638 779 886 992 822 662 479 ]
K = 21
nk = [ 0 1 2 3 4 5 6 7 8 9 10 11 12 13 14 15 16 17 18 19 ]
First = [ 0 0 0 0 0 0 0 0 0 0 0 0 0 0 0 0 0 0 0 0 ]
Last = [ 0 0 0 0 0 0 0 0 0 0 0 0 0 0 0 0 0 0 0 0 ]
nS = 6
S = [ 1 0 0 0 1 0 0 0 1 0 0 1 0 0 0 1 0 0 0 1 ]
