n = 20 ; 
T = 24 ; 
Init = [ 0 1 0 1 1 1 1 1 0 1 1 1 1 0 1 0 1 0 1 0 ]
L = [ 3 9 10 7 4 10 4 8 9 5 8 3 7 9 9 4 9 4 5 4 ]
l = [ 3 9 10 7 4 10 4 8 9 5 8 3 7 9 9 4 9 4 5 4 ]
Pmin = [ 40 100 100 80 40 100 40 90 100 50 90 30 90 100 100 40 100 40 50 30 ]
Pmax = [ 40 100 100 80 40 100 40 90 100 50 90 30 90 100 100 40 100 40 50 30 ]
cf = [ 33.0458 46.2074 63.4695 13.2189 54.7229 49.1998 22.8993 48.631 69.0745 26.263 55.6605 26.3398 57.5841 32.3822 40.9552 68.2348 26.6703 40.391 52.6983 63.9477 ]
c0 = [ 114 250 250 200 100 250 120 240 250 141 235 79 223 250 250 138 250 129 145 83 ]
cp = [ 37.2777 9.706 12.5929 20.0712 31.1712 9.16456 28.3943 9.72345 9.65427 22.7014 23.2922 39.0009 22.2188 14.9827 14.7774 29.3381 11.7627 38.462 25.0246 39.1187 ]
D = [ 280 374 466 539 615 652 733 820 930 966 1034 1138 1207 1123 1014 926 813 734 818 939 1012 844 652 518 ]
K = 21
nk = [ 0 1 2 3 4 5 6 7 8 9 10 11 12 13 14 15 16 17 18 19 ]
First = [ 0 0 0 0 0 0 0 0 0 0 0 0 0 0 0 0 0 0 0 0 ]
Last = [ 0 0 0 0 0 0 0 0 0 0 0 0 0 0 0 0 0 0 0 0 ]
nS = 7
S = [ 1 0 1 0 0 1 0 1 0 0 0 1 1 0 0 1 0 0 0 0 ]
