n = 20 ; 
T = 24 ; 
Init = [ 1 1 0 1 0 1 1 0 1 1 0 0 0 0 0 1 0 1 0 1 ]
L = [ 7 9 3 10 3 7 9 6 9 6 6 7 7 4 4 6 8 5 5 5 ]
l = [ 7 9 3 10 3 7 9 6 9 6 6 7 7 4 4 6 8 5 5 5 ]
Pmin = [ 80 100 30 100 30 70 100 70 100 60 60 70 80 40 40 60 80 50 60 60 ]
Pmax = [ 80 100 30 100 30 70 100 70 100 60 60 70 80 40 40 60 80 50 60 60 ]
cf = [ 7.30593 25.4526 46.5218 42.8412 43.4767 58.3096 47.9956 66.2085 65.4175 50.8788 54.2165 35.4185 58.9568 54.728 58.118 34.1966 23.9773 44.4706 13.6253 26.4901 ]
c0 = [ 211 250 84 248 92 194 250 185 245 171 162 181 200 110 108 154 206 131 166 156 ]
cp = [ 19.5655 18.0528 31.2091 8.67985 39.9657 17.5611 9.45962 29.3698 9.85608 30.6839 21.2523 18.1593 16.6543 21.8025 30.4894 22.3792 19.5123 33.5225 34.2969 27.9379 ]
D = [ 303 366 417 469 568 651 673 787 834 906 968 1027 1091 1017 924 878 754 699 826 959 1061 863 681 495 ]
K = 21
nk = [ 0 1 2 3 4 5 6 7 8 9 10 11 12 13 14 15 16 17 18 19 ]
First = [ 0 0 0 0 0 0 0 0 0 0 0 0 0 0 0 0 0 0 0 0 ]
Last = [ 0 0 0 0 0 0 0 0 0 0 0 0 0 0 0 0 0 0 0 0 ]
nS = 5
S = [ 1 0 0 0 0 1 0 0 0 1 0 0 1 0 0 0 0 1 0 0 ]
