n = 20 ; 
T = 24 ; 
Init = [ 1 1 1 0 1 1 1 0 0 1 1 1 1 1 1 0 1 0 0 0 ]
L = [ 8 5 8 2 10 7 8 7 9 5 5 9 7 7 10 2 7 6 8 7 ]
l = [ 8 5 8 2 10 7 8 7 9 5 5 9 7 7 10 2 7 6 8 7 ]
Pmin = [ 90 60 80 20 100 60 100 80 100 60 50 100 90 80 100 10 80 60 80 80 ]
Pmax = [ 90 60 80 20 100 60 100 80 100 60 50 100 90 80 100 10 80 60 80 80 ]
cf = [ 7.87397 23.5925 35.5767 55.9445 56.3473 27.3211 62.9169 31.1742 66.5882 63.1506 42.8423 59.1429 32.2387 64.6185 40.2136 39.1166 65.1654 41.9174 20.8095 32.4889 ]
c0 = [ 243 154 221 81 250 165 240 221 250 157 135 250 225 203 250 52 206 155 225 195 ]
cp = [ 16.742 22.3851 28.9624 40.8908 9.202 25.0813 13.1065 13.5256 9.47497 22.8107 24.3012 8.79815 25.6624 18.8387 8.19718 41.9481 19.978 29.9748 13.2867 29.6695 ]
D = [ 325 384 513 576 671 752 815 865 958 1040 1091 1215 1272 1166 1079 947 881 750 884 1023 1102 901 729 512 ]
K = 21
nk = [ 0 1 2 3 4 5 6 7 8 9 10 11 12 13 14 15 16 17 18 19 ]
First = [ 0 0 0 0 0 0 0 0 0 0 0 0 0 0 0 0 0 0 0 0 ]
Last = [ 0 0 0 0 0 0 0 0 0 0 0 0 0 0 0 0 0 0 0 0 ]
nS = 7
S = [ 1 0 1 0 0 0 1 0 0 0 1 1 0 0 0 1 0 0 0 1 ]
