n = 20 ; 
T = 24 ; 
Init = [ 1 1 0 0 0 1 1 1 1 0 1 1 1 0 0 0 1 0 0 1 ]
L = [ 6 6 10 10 10 10 3 2 9 7 7 8 7 2 8 8 6 10 7 7 ]
l = [ 6 6 10 10 10 10 3 2 9 7 7 8 7 2 8 8 6 10 7 7 ]
Pmin = [ 70 70 100 100 100 100 20 20 100 70 70 90 80 20 80 90 70 100 80 80 ]
Pmax = [ 70 70 100 100 100 100 20 20 100 70 70 90 80 20 80 90 70 100 80 80 ]
cf = [ 42.1514 8.46253 46.6979 42.6958 61.0479 13.1859 65.9963 65.1339 56.285 39.9143 33.2776 49.8002 27.3198 53.3295 19.9218 17.257 20.8326 42.7547 65.849 22.6516 ]
c0 = [ 201 184 250 250 250 250 75 82 242 190 198 249 202 78 218 230 176 250 208 211 ]
cp = [ 24.637 19.7518 8.84432 8.90324 9.41002 11.043 38.3776 33.6349 14.6355 20.8686 16.0009 15.4683 26.8009 41.1863 11.3035 26.4188 26.1678 8.52578 22.1257 28.0025 ]
D = [ 1288 1010 273 273 719 948 1111 1152 1307 103 1134 639 138 576 1495 1434 724 1399 1317 395 678 437 1421 1165 ]
K = 21
nk = [ 0 1 2 3 4 5 6 7 8 9 10 11 12 13 14 15 16 17 18 19 ]
First = [ 0 0 0 0 0 0 0 0 0 0 0 0 0 0 0 0 0 0 0 0 ]
Last = [ 0 0 0 0 0 0 0 0 0 0 0 0 0 0 0 0 0 0 0 0 ]
nS = 4
S = [ 1 0 0 0 0 0 1 0 0 0 0 1 0 0 0 0 0 1 0 0 ]
