n = 20 ; 
T = 24 ; 
Init = [ 0 1 0 0 0 0 0 0 0 0 0 1 1 1 0 0 0 1 1 1 ]
L = [ 9 9 10 8 3 9 9 6 3 9 6 5 4 8 10 4 6 6 8 8 ]
l = [ 9 9 10 8 3 9 9 6 3 9 6 5 4 8 10 4 6 6 8 8 ]
Pmin = [ 100 100 100 90 30 100 100 60 40 100 60 50 40 90 100 40 60 60 90 90 ]
Pmax = [ 100 100 100 90 30 100 100 60 40 100 60 50 40 90 100 40 60 60 90 90 ]
cf = [ 59.6003 13.2836 48.7524 40.6815 19.5324 57.2628 48.5573 22.1744 65.8288 20.3564 19.8232 38.9809 19.6464 18.2075 42.3436 9.65161 32.1629 31.0468 45.0669 29.2094 ]
c0 = [ 250 250 250 229 112 250 250 162 118 245 158 139 126 232 250 105 176 181 232 234 ]
cp = [ 11.9057 16.7825 8.50678 28.1311 32.7716 12.102 9.76057 19.5533 41.6878 20.5122 36.2702 28.3935 37.2732 12.5952 8.09218 30.2497 30.4329 30.8674 12.7642 23.7564 ]
D = [ 757 1402 1030 404 1025 1205 1166 516 1153 736 771 905 886 265 207 1184 1461 1197 46 1362 15 351 624 316 ]
K = 21
nk = [ 0 1 2 3 4 5 6 7 8 9 10 11 12 13 14 15 16 17 18 19 ]
First = [ 0 0 0 0 0 0 0 0 0 0 0 0 0 0 0 0 0 0 0 0 ]
Last = [ 0 0 0 0 0 0 0 0 0 0 0 0 0 0 0 0 0 0 0 0 ]
nS = 5
S = [ 1 0 0 0 1 0 0 0 0 1 0 0 0 1 0 0 0 0 1 0 ]
