n = 20 ; 
T = 24 ; 
Init = [ 1 1 0 1 0 0 1 0 1 0 0 0 1 0 0 0 1 1 1 0 ]
L = [ 9 4 2 2 7 9 9 8 9 3 9 2 2 7 10 4 4 4 8 4 ]
l = [ 9 4 2 2 7 9 9 8 9 3 9 2 2 7 10 4 4 4 8 4 ]
Pmin = [ 100 40 20 20 70 100 90 90 100 20 100 30 20 70 100 40 30 40 90 40 ]
Pmax = [ 100 40 20 20 70 100 90 90 100 20 100 30 20 70 100 40 30 40 90 40 ]
cf = [ 64.9712 36.3723 59.0752 20.2704 57.3339 60.1864 34.3553 57.6395 59.0039 66.9834 10.1071 24.198 20.001 19.2753 38.7593 8.79996 13.7531 17.4226 7.49219 10.1843 ]
c0 = [ 249 120 70 53 206 250 250 242 250 74 250 82 65 196 250 120 97 126 222 118 ]
cp = [ 23.122 35.2533 40.3786 41.03 12.9816 12.2821 19.0933 15.7842 9.42407 35.5555 11.5582 40.064 38.9348 15.9524 10.8632 28.424 24.1704 34.7442 21.6073 29.4856 ]
D = [ 323 367 442 490 555 632 673 765 810 870 942 990 1078 966 911 804 696 603 730 811 921 765 590 443 ]
K = 21
nk = [ 0 1 2 3 4 5 6 7 8 9 10 11 12 13 14 15 16 17 18 19 ]
First = [ 0 0 0 0 0 0 0 0 0 0 0 0 0 0 0 0 0 0 0 0 ]
Last = [ 0 0 0 0 0 0 0 0 0 0 0 0 0 0 0 0 0 0 0 0 ]
nS = 6
S = [ 1 0 0 1 0 0 0 1 1 0 0 1 0 0 0 1 0 0 0 0 ]
