n = 20 ; 
T = 48 ; 
Init = [ 0 0 1 0 1 1 1 1 0 0 0 1 0 1 1 1 0 0 0 0 ]
L = [ 7 8 4 7 5 5 7 9 5 9 10 5 7 4 10 10 9 2 8 9 ]
l = [ 7 8 4 7 5 5 7 9 5 9 10 5 7 4 10 10 9 2 8 9 ]
Pmin = [ 80 90 50 60 40 50 70 100 50 90 100 50 80 40 100 100 90 20 90 100 ]
Pmax = [ 80 90 50 60 40 50 70 100 50 90 100 50 80 40 100 100 90 20 90 100 ]
cf = [ 24.6373 10.261 59.3933 21.8189 52.7813 45.2318 20.3676 53.7531 36.2832 16.1299 69.2201 38.1132 9.89329 34.874 63.4961 64.1689 14.3196 50.2489 53.1072 44.9868 ]
c0 = [ 195 248 132 172 132 154 202 250 141 236 250 142 210 123 250 250 236 81 233 250 ]
cp = [ 19.7438 20.9298 39.7902 25.6614 27.5512 28.9186 19.6618 14.3376 29.798 26.3353 10.7977 28.1919 35.018 35.6236 10.4301 12.5026 9.91257 41.6293 16.8621 16.5691 ]
D = [ 276 372 455 532 606 641 712 831 911 947 1036 1110 1181 1075 964 906 791 710 856 993 1109 946 786 567 403 478 555 645 670 750 840 885 962 1039 1090 1187 1280 1153 1013 917 833 729 833 923 1051 855 683 521 ]
K = 21
nk = [ 0 1 2 3 4 5 6 7 8 9 10 11 12 13 14 15 16 17 18 19 ]
First = [ 0 0 0 0 0 0 0 0 0 0 0 0 0 0 0 0 0 0 0 0 ]
Last = [ 0 0 0 0 0 0 0 0 0 0 0 0 0 0 0 0 0 0 0 0 ]
nS = 5
S = [ 1 1 0 0 0 1 0 0 0 0 0 1 0 0 0 0 0 1 0 0 ]
