n = 20 ; 
T = 48 ; 
Init = [ 0 0 1 0 1 1 0 1 0 0 1 0 0 0 1 1 0 0 1 1 ]
L = [ 3 4 3 3 7 10 4 9 3 9 2 5 3 8 4 7 3 3 8 6 ]
l = [ 3 4 3 3 7 10 4 9 3 9 2 5 3 8 4 7 3 3 8 6 ]
Pmin = [ 30 30 30 30 70 100 40 90 20 100 20 50 30 90 30 80 30 30 80 70 ]
Pmax = [ 30 30 30 30 70 100 40 90 20 100 20 50 30 90 30 80 30 30 80 70 ]
cf = [ 44.8125 38.0453 35.2167 28.0319 50.5101 57.0403 37.2949 38.1786 46.8836 54.0875 30.0598 7.08029 41.3014 27.1928 62.1753 27.5956 40.5262 45.7142 67.8249 49.2663 ]
c0 = [ 89 101 108 100 199 250 118 249 58 250 65 143 94 230 108 203 91 109 201 185 ]
cp = [ 40.6223 39.7685 39.3437 22.9853 15.4073 8.0246 31.0459 17.2851 36.0348 8.49067 41.9071 32.4896 39.3474 18.2254 32.2493 25.6701 37.3168 41.1722 19.1396 21.0984 ]
D = [ 432 373 367 767 657 130 265 997 28 474 577 658 991 1047 1009 666 831 464 136 446 199 520 448 770 857 317 64 366 962 27 20 344 400 387 61 7 517 326 1004 545 800 532 154 742 529 112 358 311 ]
K = 21
nk = [ 0 1 2 3 4 5 6 7 8 9 10 11 12 13 14 15 16 17 18 19 ]
First = [ 0 0 0 0 0 0 0 0 0 0 0 0 0 0 0 0 0 0 0 0 ]
Last = [ 0 0 0 0 0 0 0 0 0 0 0 0 0 0 0 0 0 0 0 0 ]
nS = 5
S = [ 1 0 0 1 0 0 0 0 1 0 0 0 1 0 0 0 0 0 1 0 ]
