n = 20 ; 
T = 48 ; 
Init = [ 0 0 0 1 1 1 0 0 0 0 0 1 1 0 0 0 1 0 0 0 ]
L = [ 6 8 8 3 9 6 7 2 9 2 5 7 6 9 10 8 8 5 6 5 ]
l = [ 6 8 8 3 9 6 7 2 9 2 5 7 6 9 10 8 8 5 6 5 ]
Pmin = [ 60 80 90 40 90 60 80 20 100 20 40 70 60 90 100 80 80 50 70 50 ]
Pmax = [ 60 80 90 40 90 60 80 20 100 20 40 70 60 90 100 80 80 50 70 50 ]
cf = [ 23.2273 68.9096 9.04397 26.8346 31.7946 49.3768 47.4396 45.9542 67.2181 15.7031 57.4148 45.7285 51.4068 13.8532 7.17278 32.2808 37.6238 42.6686 46.0277 16.8819 ]
c0 = [ 167 219 220 115 249 172 211 65 250 52 133 185 164 250 250 196 223 145 183 143 ]
cp = [ 24.3242 15.8761 16.5452 34.0096 18.8892 12.8563 17.9068 39.8247 11.7431 41.8016 23.5929 33.6493 19.8124 9.7407 8.15098 22.6739 15.5042 35.2165 17.6293 24.0448 ]
D = [ 343 399 502 513 616 642 707 795 824 904 943 1040 1065 1014 933 826 756 665 741 870 952 790 611 438 317 386 459 537 596 673 741 819 848 943 990 1093 1167 1028 927 861 777 651 763 890 1015 826 709 500 ]
K = 21
nk = [ 0 1 2 3 4 5 6 7 8 9 10 11 12 13 14 15 16 17 18 19 ]
First = [ 0 0 0 0 0 0 0 0 0 0 0 0 0 0 0 0 0 0 0 0 ]
Last = [ 0 0 0 0 0 0 0 0 0 0 0 0 0 0 0 0 0 0 0 0 ]
nS = 6
S = [ 1 0 0 1 0 1 0 1 0 0 0 0 1 0 0 0 0 0 1 0 ]
