n = 20 ; 
T = 48 ; 
Init = [ 1 0 1 1 1 0 1 1 0 1 1 1 1 1 0 1 1 1 1 1 ]
L = [ 5 6 10 2 8 3 3 6 9 4 3 4 4 9 3 10 10 3 2 6 ]
l = [ 5 6 10 2 8 3 3 6 9 4 3 4 4 9 3 10 10 3 2 6 ]
Pmin = [ 50 60 100 20 90 40 20 60 100 30 30 30 30 100 30 100 100 30 30 70 ]
Pmax = [ 50 60 100 20 90 40 20 60 100 30 30 30 30 100 30 100 100 30 30 70 ]
cf = [ 58.9078 62.3715 19.6711 41.2614 14.9552 44.1085 66.0618 20.3624 30.0605 62.2798 41.7923 26.7908 33.8212 18.5637 24.9259 50.1939 32.4133 18.6092 10.6047 63.1445 ]
c0 = [ 154 167 250 82 240 114 89 164 250 109 92 98 96 250 86 250 247 86 77 178 ]
cp = [ 35.0674 23.1395 9.01186 40.8981 22.921 33.9912 34.2943 19.0945 10.2934 36.8146 40.5964 31.8584 33.2231 14.3408 35.9581 9.13473 12.9457 37.243 39.8307 25.2283 ]
D = [ 1086 386 172 381 790 886 444 7 33 555 654 956 420 879 445 561 419 375 799 829 237 297 60 714 503 379 362 955 586 426 833 552 812 1004 933 482 771 257 489 804 813 23 639 112 902 1084 674 200 ]
K = 21
nk = [ 0 1 2 3 4 5 6 7 8 9 10 11 12 13 14 15 16 17 18 19 ]
First = [ 0 0 0 0 0 0 0 0 0 0 0 0 0 0 0 0 0 0 0 0 ]
Last = [ 0 0 0 0 0 0 0 0 0 0 0 0 0 0 0 0 0 0 0 0 ]
nS = 7
S = [ 1 0 0 1 0 0 0 0 1 0 0 0 1 0 1 0 0 0 1 1 ]
