n = 20 ; 
T = 48 ; 
Init = [ 0 1 0 0 1 0 0 1 0 1 0 0 0 1 0 0 0 1 0 0 ]
L = [ 3 8 5 4 9 5 6 6 6 5 2 5 6 5 8 10 4 4 2 5 ]
l = [ 3 8 5 4 9 5 6 6 6 5 2 5 6 5 8 10 4 4 2 5 ]
Pmin = [ 40 80 50 40 100 60 60 60 60 50 20 60 60 50 90 100 40 40 20 40 ]
Pmax = [ 40 80 50 40 100 60 60 60 60 50 20 60 60 50 90 100 40 40 20 40 ]
cf = [ 28.9919 47.4208 12.1728 45.0829 33.8149 15.2124 44.112 10.5594 33.0689 48.9409 31.8899 41.8404 62.3646 23.0844 21.4553 23.6279 9.72467 53.7414 50.5222 50.8959 ]
c0 = [ 99 206 152 124 250 162 163 156 171 146 79 156 157 152 239 250 100 121 63 122 ]
cp = [ 34.3288 13.3272 27.7119 36.8193 20.98 22.9311 21.8685 37.9727 30.1089 34.4376 40.0281 16.2454 31.6267 26.9616 17.9204 8.18519 31.2387 23.6399 39.8519 28.8613 ]
D = [ 292 365 413 477 526 602 623 685 736 825 880 917 982 913 822 753 626 542 663 728 818 657 519 357 228 292 348 397 450 512 596 622 691 734 797 853 936 841 764 682 627 523 613 726 778 678 538 412 ]
K = 21
nk = [ 0 1 2 3 4 5 6 7 8 9 10 11 12 13 14 15 16 17 18 19 ]
First = [ 0 0 0 0 0 0 0 0 0 0 0 0 0 0 0 0 0 0 0 0 ]
Last = [ 0 0 0 0 0 0 0 0 0 0 0 0 0 0 0 0 0 0 0 0 ]
nS = 5
S = [ 1 0 0 0 0 1 0 0 1 0 0 0 0 1 0 0 0 0 1 0 ]
