n = 20 ; 
T = 48 ; 
Init = [ 1 0 0 1 0 1 0 1 0 0 1 1 1 1 0 0 1 1 0 0 ]
L = [ 4 3 5 8 7 4 3 9 2 7 7 10 4 4 5 2 3 8 9 7 ]
l = [ 4 3 5 8 7 4 3 9 2 7 7 10 4 4 5 2 3 8 9 7 ]
Pmin = [ 50 40 50 90 80 40 30 100 20 70 80 100 50 50 60 20 30 90 100 70 ]
Pmax = [ 50 40 50 90 80 40 30 100 20 70 80 100 50 50 60 20 30 90 100 70 ]
cf = [ 20.8836 46.4585 36.7536 15.7529 23.9214 26.1267 60.3217 24.2035 24.3253 63.8173 35.2204 44.9249 60.2221 11.3072 40.0402 42.4513 42.7587 66.7899 53.6476 32.629 ]
c0 = [ 140 119 136 245 228 120 86 249 65 188 206 250 145 143 180 87 91 241 250 174 ]
cp = [ 24.1843 29.9384 26.4935 18.0837 18.1446 37.9653 37.5845 12.5515 41.4629 13.2371 20.9436 9.76051 30.7051 33.3157 25.4015 41.7949 35.8329 13.8202 9.79515 16.2195 ]
D = [ 81 178 1118 1104 1000 1000 850 555 802 135 635 1071 899 1211 20 7 361 1053 340 697 933 886 211 744 970 851 210 442 789 1113 938 870 71 837 754 1071 617 383 406 199 518 1041 49 197 1032 69 204 173 ]
K = 21
nk = [ 0 1 2 3 4 5 6 7 8 9 10 11 12 13 14 15 16 17 18 19 ]
First = [ 0 0 0 0 0 0 0 0 0 0 0 0 0 0 0 0 0 0 0 0 ]
Last = [ 0 0 0 0 0 0 0 0 0 0 0 0 0 0 0 0 0 0 0 0 ]
nS = 8
S = [ 1 0 0 0 0 0 1 0 0 1 0 1 1 1 0 1 0 1 0 0 ]
