n = 20 ; 
T = 48 ; 
Init = [ 1 1 0 1 1 0 1 0 0 0 0 1 0 1 0 1 0 1 1 1 ]
L = [ 9 7 8 3 6 5 4 5 6 8 8 3 5 4 9 9 2 2 4 2 ]
l = [ 9 7 8 3 6 5 4 5 6 8 8 3 5 4 9 9 2 2 4 2 ]
Pmin = [ 100 80 90 40 70 50 40 50 60 80 90 30 50 40 100 100 30 20 40 20 ]
Pmax = [ 100 80 90 40 70 50 40 50 60 80 90 30 50 40 100 100 30 20 40 20 ]
cf = [ 40.5992 8.96332 15.7656 48.1447 66.0332 34.8707 26.459 63.4863 13.0732 13.0064 30.1206 10.6312 8.57037 54.2378 60.3985 8.54721 36.657 36.0422 8.45126 38.0916 ]
c0 = [ 250 217 232 116 187 148 116 154 155 202 232 89 148 110 250 243 95 53 115 79 ]
cp = [ 16.2011 19.9933 20.3782 30.5696 15.5673 29.1161 36.8738 23.5597 21.3823 20.2595 11.292 36.9175 28.9397 32.8457 16.2384 9.37988 41.9845 41.9762 34.2119 41.3388 ]
D = [ 308 329 427 474 513 577 614 677 746 808 836 882 937 869 800 730 675 591 707 826 933 790 663 503 331 368 421 484 566 611 659 704 732 788 849 884 962 891 804 715 645 607 698 780 859 710 588 432 ]
K = 21
nk = [ 0 1 2 3 4 5 6 7 8 9 10 11 12 13 14 15 16 17 18 19 ]
First = [ 0 0 0 0 0 0 0 0 0 0 0 0 0 0 0 0 0 0 0 0 ]
Last = [ 0 0 0 0 0 0 0 0 0 0 0 0 0 0 0 0 0 0 0 0 ]
nS = 6
S = [ 1 1 0 0 0 0 1 0 0 1 0 0 0 0 0 1 0 0 0 1 ]
