n = 20 ; 
T = 48 ; 
Init = [ 1 1 1 1 1 1 0 0 0 1 1 1 0 0 1 1 0 0 0 0 ]
L = [ 6 3 4 9 3 9 9 5 2 3 4 9 5 3 8 4 10 2 3 9 ]
l = [ 6 3 4 9 3 9 9 5 2 3 4 9 5 3 8 4 10 2 3 9 ]
Pmin = [ 70 40 40 100 30 100 100 60 30 20 50 100 40 30 90 50 100 20 30 100 ]
Pmax = [ 70 40 40 100 30 100 100 60 30 20 50 100 40 30 90 50 100 20 30 100 ]
cf = [ 15.1872 21.9086 20.7341 16.2408 45.5351 7.16974 68.576 34.4006 48.8117 53.3335 12.5108 7.16873 20.1781 61.0182 30.8639 60.8589 14.8607 11.7348 17.7105 55.6774 ]
c0 = [ 175 117 113 250 97 246 250 154 84 88 152 248 121 86 240 129 250 56 92 250 ]
cp = [ 27.0475 36.1198 33.1174 16.4755 40.2037 17.93 14.0156 24.9265 41.7495 38.0538 25.4612 9.84169 21.3426 36.9252 15.6847 33.7413 9.07666 38.2692 31.0208 13.11 ]
D = [ 1121 149 230 836 698 891 105 668 1011 667 599 1167 951 861 143 485 864 116 1007 460 999 1112 463 50 941 918 1075 1091 1008 79 818 929 228 1048 565 926 738 670 394 550 137 993 517 1089 654 660 374 318 ]
K = 21
nk = [ 0 1 2 3 4 5 6 7 8 9 10 11 12 13 14 15 16 17 18 19 ]
First = [ 0 0 0 0 0 0 0 0 0 0 0 0 0 0 0 0 0 0 0 0 ]
Last = [ 0 0 0 0 0 0 0 0 0 0 0 0 0 0 0 0 0 0 0 0 ]
nS = 7
S = [ 1 0 0 0 1 1 0 1 0 0 1 0 0 0 0 0 1 1 0 0 ]
