n = 20 ; 
T = 48 ; 
Init = [ 1 0 1 0 0 1 0 0 0 0 1 0 0 0 0 1 1 1 1 0 ]
L = [ 10 4 9 8 2 9 6 3 7 8 10 4 2 8 3 8 3 8 9 3 ]
l = [ 10 4 9 8 2 9 6 3 7 8 10 4 2 8 3 8 3 8 9 3 ]
Pmin = [ 100 40 100 90 20 100 60 30 70 90 100 40 20 90 30 90 30 80 100 30 ]
Pmax = [ 100 40 100 90 20 100 60 30 70 90 100 40 20 90 30 90 30 80 100 30 ]
cf = [ 46.0898 35.4808 45.4212 20.4238 9.96825 9.12574 9.72646 40.8412 40.4989 18.273 16.666 32.8936 61.0458 56.513 26.0659 37.7931 62.746 25.2693 67.9254 11.4299 ]
c0 = [ 250 117 250 237 69 250 172 86 184 233 250 105 57 229 99 238 105 218 239 86 ]
cp = [ 8.02228 35.5421 20.9366 21.3409 41.7887 11.324 22.2982 37.4127 22.9336 17.9808 9.17808 25.4931 41.4837 13.4913 38.0785 15.9869 30.8566 14.2519 18.9131 37.9218 ]
D = [ 348 454 518 586 655 720 764 824 897 972 1024 1096 1172 1075 922 857 707 620 740 852 953 766 633 437 316 365 412 499 546 649 686 732 813 897 951 1041 1058 1025 926 862 783 676 786 841 913 807 634 508 ]
K = 21
nk = [ 0 1 2 3 4 5 6 7 8 9 10 11 12 13 14 15 16 17 18 19 ]
First = [ 0 0 0 0 0 0 0 0 0 0 0 0 0 0 0 0 0 0 0 0 ]
Last = [ 0 0 0 0 0 0 0 0 0 0 0 0 0 0 0 0 0 0 0 0 ]
nS = 8
S = [ 1 0 0 1 0 0 1 0 0 1 1 0 1 0 1 0 0 0 1 0 ]
