n = 20 ; 
T = 48 ; 
Init = [ 0 0 1 0 0 0 1 1 0 0 0 1 1 0 1 1 0 1 1 0 ]
L = [ 3 4 4 3 8 6 2 4 5 6 8 4 9 5 7 7 8 7 8 6 ]
l = [ 3 4 4 3 8 6 2 4 5 6 8 4 9 5 7 7 8 7 8 6 ]
Pmin = [ 30 40 50 30 80 60 10 30 50 60 80 40 100 60 80 70 90 80 90 60 ]
Pmax = [ 30 40 50 30 80 60 10 30 50 60 80 40 100 60 80 70 90 80 90 60 ]
cf = [ 25.5991 21.4429 64.4842 20.3535 40.4415 34.647 28.6681 37.138 9.14218 66.5678 44.6012 15.6066 67.7165 43.3019 55.4878 41.0222 55.14 7.14407 29.5309 52.0469 ]
c0 = [ 84 101 139 92 219 167 49 104 139 174 222 136 250 159 215 203 250 204 245 170 ]
cp = [ 39.2797 33.0212 35.3961 37.2257 20.3578 19.3142 41.1644 35.7094 20.8508 32.8434 23.1872 27.1994 10.008 26.9123 20.3102 27.0275 9.24703 17.1708 14.9143 19.1628 ]
D = [ 689 156 784 1181 964 780 871 791 47 587 1148 398 860 1044 650 302 376 1059 871 417 995 391 579 951 1077 305 404 796 308 830 457 997 986 52 988 759 832 669 361 878 66 319 86 926 173 736 38 549 ]
K = 21
nk = [ 0 1 2 3 4 5 6 7 8 9 10 11 12 13 14 15 16 17 18 19 ]
First = [ 0 0 0 0 0 0 0 0 0 0 0 0 0 0 0 0 0 0 0 0 ]
Last = [ 0 0 0 0 0 0 0 0 0 0 0 0 0 0 0 0 0 0 0 0 ]
nS = 4
S = [ 1 0 0 0 0 1 0 0 0 0 0 1 0 0 0 0 0 1 0 0 ]
