n = 20 ; 
T = 48 ; 
Init = [ 1 0 1 0 0 0 0 0 0 0 0 0 1 0 1 1 0 1 0 1 ]
L = [ 4 7 7 7 6 4 9 5 2 7 4 5 3 2 4 9 2 10 3 8 ]
l = [ 4 7 7 7 6 4 9 5 2 7 4 5 3 2 4 9 2 10 3 8 ]
Pmin = [ 40 70 80 80 60 50 100 50 20 70 40 50 30 30 50 100 20 100 30 100 ]
Pmax = [ 40 70 80 80 60 50 100 50 20 70 40 50 30 30 50 100 20 100 30 100 ]
cf = [ 14.6164 27.0426 44.2659 56.0606 13.1543 34.7398 21.3899 56.4983 8.97618 30.1645 52.0013 13.6155 26.7395 64.7119 64.4505 20.3517 39.4371 18.6315 24.9419 40.5676 ]
c0 = [ 118 196 196 207 170 136 250 132 55 191 133 127 93 89 140 250 68 250 101 245 ]
cp = [ 32.4515 23.1149 18.4885 28.17 14.0688 17.6086 10.538 33.9616 40.1257 23.9898 34.7551 35.5701 38.2299 32.5912 30.2225 10.2457 41.6616 9.11933 33.1196 12.4085 ]
D = [ 374 333 788 949 892 543 638 586 304 1026 929 445 228 451 186 343 966 454 92 1003 884 928 1126 80 830 1023 328 262 69 661 885 442 994 503 222 716 1046 860 132 180 716 1061 625 944 342 812 117 138 ]
K = 21
nk = [ 0 1 2 3 4 5 6 7 8 9 10 11 12 13 14 15 16 17 18 19 ]
First = [ 0 0 0 0 0 0 0 0 0 0 0 0 0 0 0 0 0 0 0 0 ]
Last = [ 0 0 0 0 0 0 0 0 0 0 0 0 0 0 0 0 0 0 0 0 ]
nS = 5
S = [ 1 0 0 1 0 0 0 0 0 1 0 0 0 1 0 0 0 0 1 0 ]
