n = 20 ; 
T = 48 ; 
Init = [ 0 1 1 1 1 0 1 0 1 1 1 1 1 0 0 0 1 0 1 0 ]
L = [ 10 9 5 7 10 5 3 5 6 8 7 9 9 5 10 6 10 8 7 5 ]
l = [ 10 9 5 7 10 5 3 5 6 8 7 9 9 5 10 6 10 8 7 5 ]
Pmin = [ 100 100 50 80 100 50 30 50 60 90 80 100 100 50 100 60 100 90 80 50 ]
Pmax = [ 100 100 50 80 100 50 30 50 60 90 80 100 100 50 100 60 100 90 80 50 ]
cf = [ 59.1151 56.2414 62.8448 49.582 66.9008 15.7427 60.3629 16.8398 23.0657 28.0148 50.2821 58.7337 29.7339 58.9032 68.352 33.371 63.0918 57.4766 21.6035 30.7412 ]
c0 = [ 250 248 139 194 250 119 96 156 170 234 198 250 250 139 250 164 250 222 208 131 ]
cp = [ 8.52087 11.9623 33.1949 19.002 8.67785 26.7418 40.5355 24.6189 24.0222 18.3937 25.503 12.5632 10.9795 24.8802 11.5732 22.7745 8.02776 17.1748 25.7235 22.8788 ]
D = [ 381 479 560 599 651 716 795 906 977 1043 1109 1131 1240 1099 1022 910 851 721 896 1058 1192 1014 764 573 332 397 461 550 627 722 795 868 974 1027 1102 1205 1256 1167 1073 962 894 784 948 1084 1229 994 824 608 ]
K = 21
nk = [ 0 1 2 3 4 5 6 7 8 9 10 11 12 13 14 15 16 17 18 19 ]
First = [ 0 0 0 0 0 0 0 0 0 0 0 0 0 0 0 0 0 0 0 0 ]
Last = [ 0 0 0 0 0 0 0 0 0 0 0 0 0 0 0 0 0 0 0 0 ]
nS = 5
S = [ 1 0 0 0 0 0 1 0 0 0 0 0 1 0 1 0 0 0 0 1 ]
