n = 20 ; 
T = 48 ; 
Init = [ 0 1 0 1 0 1 1 1 1 1 0 1 0 0 1 0 0 1 1 0 ]
L = [ 9 8 6 6 2 4 6 6 6 2 6 9 10 3 6 4 8 5 6 7 ]
l = [ 9 8 6 6 2 4 6 6 6 2 6 9 10 3 6 4 8 5 6 7 ]
Pmin = [ 100 90 60 60 20 40 60 60 70 20 60 100 100 20 60 50 80 50 60 80 ]
Pmax = [ 100 90 60 60 20 40 60 60 70 20 60 100 100 20 60 50 80 50 60 80 ]
cf = [ 24.5144 24.6164 56.5488 7.88244 47.755 64.1455 14.6994 57.1921 29.5677 33.4794 55.4554 59.5934 51.6781 28.2344 53.0093 15.8708 69.9792 43.174 29.9846 67.3014 ]
c0 = [ 250 237 175 178 68 125 180 156 204 53 163 250 250 71 160 136 209 127 158 214 ]
cp = [ 12.1879 13.3016 36.7997 31.4984 40.3924 26.0949 25.5564 28.9802 27.0544 39.891 23.4494 9.35738 9.32875 30.3348 29.8722 24.7063 20.1398 36.4036 22.2624 20.7751 ]
D = [ 327 408 455 516 600 634 716 800 860 903 969 1042 1096 993 892 846 711 662 767 869 997 832 637 453 308 384 446 489 549 659 724 757 837 923 954 1065 1105 1027 910 818 729 608 737 857 941 764 602 452 ]
K = 21
nk = [ 0 1 2 3 4 5 6 7 8 9 10 11 12 13 14 15 16 17 18 19 ]
First = [ 0 0 0 0 0 0 0 0 0 0 0 0 0 0 0 0 0 0 0 0 ]
Last = [ 0 0 0 0 0 0 0 0 0 0 0 0 0 0 0 0 0 0 0 0 ]
nS = 6
S = [ 1 1 0 0 0 0 1 0 1 0 0 0 0 0 1 0 0 0 0 1 ]
