n = 20 ; 
T = 48 ; 
Init = [ 1 1 0 0 1 1 0 1 1 1 0 0 1 0 1 0 0 1 0 1 ]
L = [ 7 10 4 8 10 9 9 5 8 3 4 7 7 8 2 2 10 3 9 3 ]
l = [ 7 10 4 8 10 9 9 5 8 3 4 7 7 8 2 2 10 3 9 3 ]
Pmin = [ 80 100 40 90 100 100 100 50 90 30 30 70 80 80 20 10 100 30 100 30 ]
Pmax = [ 80 100 40 90 100 100 100 50 90 30 30 70 80 80 20 10 100 30 100 30 ]
cf = [ 38.0044 67.5774 18.6858 10.9091 43.9819 60.3405 15.471 34.4349 38.1224 17.1319 11.9101 43.1131 46.9155 40.1348 43.1876 44.61 8.76232 9.43507 38.9493 28.1733 ]
c0 = [ 192 250 112 224 250 250 250 155 235 104 97 191 209 216 60 47 250 86 250 90 ]
cp = [ 15.0208 10.8939 26.9875 16.563 8.49464 17.7041 12.937 28.7387 11.4781 28.9578 18.3872 21.8715 16.411 22.2009 41.0762 40.1664 10.4476 35.0446 8.6887 32.6075 ]
D = [ 1151 1163 1027 618 321 440 784 353 685 513 582 10 462 829 92 1243 625 271 492 1282 485 596 714 1328 1295 148 792 2 200 136 449 21 1299 147 639 290 586 93 643 1271 606 1225 1281 1068 724 44 981 19 ]
K = 21
nk = [ 0 1 2 3 4 5 6 7 8 9 10 11 12 13 14 15 16 17 18 19 ]
First = [ 0 0 0 0 0 0 0 0 0 0 0 0 0 0 0 0 0 0 0 0 ]
Last = [ 0 0 0 0 0 0 0 0 0 0 0 0 0 0 0 0 0 0 0 0 ]
nS = 6
S = [ 1 0 0 0 1 0 0 0 0 0 1 0 0 1 1 0 0 0 1 0 ]
