n = 20 ; 
T = 48 ; 
Init = [ 0 0 0 0 0 1 1 1 0 0 0 0 1 1 1 1 1 1 0 1 ]
L = [ 6 6 9 9 6 7 5 8 4 4 10 8 7 3 5 6 2 2 7 5 ]
l = [ 6 6 9 9 6 7 5 8 4 4 10 8 7 3 5 6 2 2 7 5 ]
Pmin = [ 70 70 100 100 60 70 60 90 30 40 100 80 80 30 60 60 30 20 80 40 ]
Pmax = [ 70 70 100 100 60 70 60 90 30 40 100 80 80 30 60 60 30 20 80 40 ]
cf = [ 33.2279 64.9115 16.8626 27.235 18.1744 65.2218 56.8803 12.7058 45.0191 38.8912 19.1193 61.8865 14.3637 37.5508 30.671 46.1467 19.3544 24.2377 14.6118 9.09292 ]
c0 = [ 182 192 245 250 172 187 179 228 111 118 250 206 219 94 155 157 102 56 215 112 ]
cp = [ 21.2168 31.7451 20.4073 10.4592 30.508 18.3614 30.3618 17.6991 28.3073 30.7903 8.19151 17.5155 28.0517 35.7644 23.4964 27.5104 41.126 40.9447 22.123 34.8838 ]
D = [ 144 1165 415 976 1025 931 288 921 1204 448 1002 462 345 1201 870 570 1105 606 685 601 1249 930 438 127 275 915 916 525 1262 1070 567 136 964 982 1112 719 643 130 370 577 578 102 1039 923 33 639 223 1138 ]
K = 21
nk = [ 0 1 2 3 4 5 6 7 8 9 10 11 12 13 14 15 16 17 18 19 ]
First = [ 0 0 0 0 0 0 0 0 0 0 0 0 0 0 0 0 0 0 0 0 ]
Last = [ 0 0 0 0 0 0 0 0 0 0 0 0 0 0 0 0 0 0 0 0 ]
nS = 6
S = [ 1 1 0 1 0 0 0 0 0 1 0 0 0 0 1 0 0 0 0 1 ]
