n = 20 ; 
T = 48 ; 
Init = [ 0 1 1 0 1 0 1 0 1 0 1 1 0 1 1 1 0 1 1 0 ]
L = [ 4 3 4 10 2 10 10 5 3 7 5 8 2 8 7 3 3 7 7 10 ]
l = [ 4 3 4 10 2 10 10 5 3 7 5 8 2 8 7 3 3 7 7 10 ]
Pmin = [ 40 30 40 100 20 100 100 40 40 70 50 90 30 80 80 30 30 70 70 100 ]
Pmax = [ 40 30 40 100 20 100 100 40 40 70 50 90 30 80 80 30 30 70 70 100 ]
cf = [ 69.5886 44.4561 12.8698 59.8413 25.9177 27.8228 40.0941 58.6656 9.48392 33.6979 54.9765 41.1613 48.4617 42.7265 43.2066 65.8893 68.7125 34.2108 65.0555 58.5938 ]
c0 = [ 118 79 130 250 74 250 250 134 114 208 136 221 81 226 195 94 74 208 191 250 ]
cp = [ 36.9415 30.7425 34.4054 8.32985 41.7795 8.06724 12.2723 22.0175 30.0701 26.8698 27.6793 17.1462 37.3138 17.537 22.6636 39.4916 37.3289 20.7436 16.9934 8.47457 ]
D = [ 459 330 1101 860 163 105 1023 203 73 263 1192 65 983 95 1080 136 494 506 1128 542 1019 840 1198 605 316 684 526 291 1206 431 72 455 761 1173 105 925 68 1128 1128 142 182 1109 207 1164 1204 77 90 488 ]
K = 21
nk = [ 0 1 2 3 4 5 6 7 8 9 10 11 12 13 14 15 16 17 18 19 ]
First = [ 0 0 0 0 0 0 0 0 0 0 0 0 0 0 0 0 0 0 0 0 ]
Last = [ 0 0 0 0 0 0 0 0 0 0 0 0 0 0 0 0 0 0 0 0 ]
nS = 5
S = [ 1 0 1 0 0 0 0 0 1 0 0 0 0 0 1 0 0 0 1 0 ]
