n = 20 ; 
T = 48 ; 
Init = [ 1 0 0 1 1 1 0 1 0 1 1 0 0 0 0 0 0 1 0 1 ]
L = [ 9 6 9 8 4 7 9 2 5 6 7 7 8 4 5 2 5 5 6 8 ]
l = [ 9 6 9 8 4 7 9 2 5 6 7 7 8 4 5 2 5 5 6 8 ]
Pmin = [ 100 60 100 80 50 80 90 20 40 60 80 80 90 40 60 20 40 40 60 90 ]
Pmax = [ 100 60 100 80 50 80 90 20 40 60 80 80 90 40 60 20 40 40 60 90 ]
cf = [ 19.8132 21.3401 8.09424 53.1526 16.7805 67.1416 9.99794 24.7975 67.745 46.6397 11.2555 29.8793 18.605 50.4301 38.0514 56.8467 65.883 30.2335 46.7395 26.4005 ]
c0 = [ 250 155 250 210 131 198 250 82 123 154 234 230 242 118 166 77 112 126 172 218 ]
cp = [ 10.1033 26.7855 14.713 16.0489 27.9441 21.0226 9.14935 41.6443 24.2212 24.2659 15.5709 22.9441 23.4133 34.8772 28.0684 39.9209 25.965 38.4248 21.5374 20.5802 ]
D = [ 383 414 472 564 620 666 709 818 853 932 960 1036 1120 1008 915 830 740 663 747 810 901 752 573 437 247 360 413 477 535 618 677 770 834 888 954 1036 1107 1020 907 840 751 643 732 862 957 798 657 489 ]
K = 21
nk = [ 0 1 2 3 4 5 6 7 8 9 10 11 12 13 14 15 16 17 18 19 ]
First = [ 0 0 0 0 0 0 0 0 0 0 0 0 0 0 0 0 0 0 0 0 ]
Last = [ 0 0 0 0 0 0 0 0 0 0 0 0 0 0 0 0 0 0 0 0 ]
nS = 7
S = [ 1 0 0 0 0 0 1 0 1 1 0 0 0 1 0 0 0 1 1 0 ]
