n = 20 ; 
T = 48 ; 
Init = [ 0 0 0 1 1 1 1 1 0 0 0 0 1 0 1 1 1 1 1 0 ]
L = [ 5 2 9 5 4 2 4 3 6 10 10 8 3 9 6 7 8 6 8 9 ]
l = [ 5 2 9 5 4 2 4 3 6 10 10 8 3 9 6 7 8 6 8 9 ]
Pmin = [ 50 20 100 60 40 20 30 30 50 100 100 80 30 100 60 80 80 60 90 100 ]
Pmax = [ 50 20 100 60 40 20 30 30 50 100 100 80 30 100 60 80 80 60 90 100 ]
cf = [ 44.2839 13.1947 44.5308 13.4079 63.8012 39.9672 55.3896 39.9678 60.4267 63.6055 22.1787 28.0092 53.9284 10.4933 33.0658 31.9817 22.2883 27.9103 29.7258 58.013 ]
c0 = [ 137 84 250 144 113 58 112 109 150 250 250 208 100 250 166 226 216 154 227 250 ]
cp = [ 21.8896 41.101 15.224 32.4183 28.8973 41.2002 32.0405 36.1662 24.2014 9.04056 8.00595 16.137 27.5463 26.6685 19.2216 18.8216 15.8481 27.0876 21.6697 14.8239 ]
D = [ 254 314 408 488 533 630 673 744 815 885 946 997 1079 1014 917 786 687 595 741 812 944 765 606 470 284 333 436 502 576 639 682 784 822 918 971 1061 1149 1014 945 841 705 601 758 838 932 766 585 430 ]
K = 21
nk = [ 0 1 2 3 4 5 6 7 8 9 10 11 12 13 14 15 16 17 18 19 ]
First = [ 0 0 0 0 0 0 0 0 0 0 0 0 0 0 0 0 0 0 0 0 ]
Last = [ 0 0 0 0 0 0 0 0 0 0 0 0 0 0 0 0 0 0 0 0 ]
nS = 7
S = [ 1 1 0 0 1 0 0 0 0 1 0 0 0 1 0 1 0 1 0 0 ]
