n = 20 ; 
T = 48 ; 
Init = [ 1 0 0 1 0 1 1 0 0 1 0 0 1 1 0 1 0 1 0 0 ]
L = [ 8 6 8 10 5 4 2 9 7 8 5 3 2 9 5 8 5 8 3 4 ]
l = [ 8 6 8 10 5 4 2 9 7 8 5 3 2 9 5 8 5 8 3 4 ]
Pmin = [ 80 60 90 100 50 40 20 100 80 80 50 20 20 100 40 90 50 90 30 40 ]
Pmax = [ 80 60 90 100 50 40 20 100 80 80 50 20 20 100 40 90 50 90 30 40 ]
cf = [ 62.4567 33.8268 54.2591 50.6919 23.6092 55.1315 41.583 55.2009 8.45146 26.6144 14.6496 64.105 25.7904 20.3042 36.3252 50.1132 55.4817 31.542 18.2938 48.0712 ]
c0 = [ 226 177 227 250 135 125 69 250 226 209 136 74 86 250 119 217 134 236 87 123 ]
cp = [ 24.2252 19.665 12.746 8.04392 32.4906 26.2377 41.0661 8.55892 22.2799 15.8905 32.0699 38.1559 40.4137 11.7971 37.6128 15.7906 31.8238 15.7919 38.3959 32.4774 ]
D = [ 1008 46 1046 744 963 310 963 374 134 1204 974 1216 497 667 839 822 377 285 533 405 667 682 290 1034 942 863 646 658 112 867 230 1120 913 46 635 646 356 367 1020 490 341 765 476 838 202 86 429 578 ]
K = 21
nk = [ 0 1 2 3 4 5 6 7 8 9 10 11 12 13 14 15 16 17 18 19 ]
First = [ 0 0 0 0 0 0 0 0 0 0 0 0 0 0 0 0 0 0 0 0 ]
Last = [ 0 0 0 0 0 0 0 0 0 0 0 0 0 0 0 0 0 0 0 0 ]
nS = 6
S = [ 1 0 0 0 0 1 0 0 0 1 0 0 1 1 0 0 0 0 0 1 ]
