n = 20 ; 
T = 48 ; 
Init = [ 0 1 0 0 1 1 0 1 0 0 0 0 1 1 1 0 1 0 1 1 ]
L = [ 9 8 3 5 3 7 10 8 7 9 4 5 9 3 10 8 6 5 4 6 ]
l = [ 9 8 3 5 3 7 10 8 7 9 4 5 9 3 10 8 6 5 4 6 ]
Pmin = [ 100 80 30 40 30 70 100 90 80 90 40 60 100 30 100 80 70 50 40 60 ]
Pmax = [ 100 80 30 40 30 70 100 90 80 90 40 60 100 30 100 80 70 50 40 60 ]
cf = [ 44.5121 66.5321 42.4772 21.2743 41.7054 22.3965 27.2663 19.0708 48.343 59.5027 57.1939 66.5409 57.6363 26.1941 52.1136 34.6055 39.5662 59.857 9.01751 39.0257 ]
c0 = [ 250 222 85 131 89 178 250 230 229 235 115 169 250 99 250 209 180 149 114 159 ]
cp = [ 12.8017 28.2767 37.8865 35.8908 38.3715 22.3326 11.406 13.4904 22.0038 24.4731 29.9331 30.9487 11.7374 33.6206 9.41317 23.9692 31.4757 26.2364 36.4823 21.0591 ]
D = [ 1300 526 445 157 447 359 551 986 1025 321 995 483 247 410 786 986 737 1217 1242 276 994 970 203 731 38 1162 1318 731 947 21 72 907 547 517 1064 995 875 274 641 560 595 296 1043 843 705 489 488 102 ]
K = 21
nk = [ 0 1 2 3 4 5 6 7 8 9 10 11 12 13 14 15 16 17 18 19 ]
First = [ 0 0 0 0 0 0 0 0 0 0 0 0 0 0 0 0 0 0 0 0 ]
Last = [ 0 0 0 0 0 0 0 0 0 0 0 0 0 0 0 0 0 0 0 0 ]
nS = 5
S = [ 1 0 0 0 1 0 0 0 0 1 0 1 0 0 0 0 0 1 0 0 ]
