n = 20 ; 
T = 48 ; 
Init = [ 1 1 0 0 0 1 1 1 1 1 0 1 0 1 1 0 1 0 1 1 ]
L = [ 10 7 2 8 9 5 3 7 7 8 5 10 5 9 5 9 8 8 4 6 ]
l = [ 10 7 2 8 9 5 3 7 7 8 5 10 5 9 5 9 8 8 4 6 ]
Pmin = [ 100 80 30 80 100 50 30 70 70 90 50 100 50 100 60 100 80 90 40 70 ]
Pmax = [ 100 80 30 80 100 50 30 70 70 90 50 100 50 100 60 100 80 90 40 70 ]
cf = [ 66.3494 54.1097 7.61645 24.4323 35.3732 53.0064 30.0846 50.0047 33.44 21.566 43.1178 54.7355 59.2365 59.2473 52.1485 11.0641 52.1905 34.2611 62.6687 26.1598 ]
c0 = [ 250 214 90 220 250 154 94 200 187 230 156 250 162 250 154 250 215 234 130 182 ]
cp = [ 8.01932 19.2677 40.0383 21.3161 11.3996 17.8319 37.5385 18.324 33.1225 22.5384 34.1241 10.5239 36.6924 21.0896 34.674 20.0952 24.6345 14.6048 30.7823 17.7827 ]
D = [ 379 461 519 598 674 773 810 875 989 1042 1117 1189 1279 1139 1077 923 860 752 881 982 1089 942 726 577 370 432 517 604 652 744 836 853 969 995 1111 1151 1238 1124 1010 946 817 709 835 964 1016 853 699 568 ]
K = 21
nk = [ 0 1 2 3 4 5 6 7 8 9 10 11 12 13 14 15 16 17 18 19 ]
First = [ 0 0 0 0 0 0 0 0 0 0 0 0 0 0 0 0 0 0 0 0 ]
Last = [ 0 0 0 0 0 0 0 0 0 0 0 0 0 0 0 0 0 0 0 0 ]
nS = 6
S = [ 1 0 0 0 1 0 1 0 1 0 0 0 1 0 0 0 1 0 0 0 ]
