n = 20 ; 
T = 48 ; 
Init = [ 0 1 0 1 1 0 1 1 0 0 0 1 0 1 0 0 0 0 0 1 ]
L = [ 5 6 6 10 10 6 8 5 5 4 9 5 4 5 3 7 5 7 7 10 ]
l = [ 5 6 6 10 10 6 8 5 5 4 9 5 4 5 3 7 5 7 7 10 ]
Pmin = [ 50 60 70 100 100 70 90 50 50 40 90 50 40 50 20 90 50 80 70 100 ]
Pmax = [ 50 60 70 100 100 70 90 50 50 40 90 50 40 50 20 90 50 80 70 100 ]
cf = [ 31.7293 59.1262 54.7765 9.41886 42.7794 56.1827 62.0991 8.64749 41.0494 7.40796 15.8782 13.7766 69.5571 29.3042 18.5952 42.3895 65.8103 13.0721 28.8403 26.4893 ]
c0 = [ 137 175 172 250 250 179 240 135 134 128 250 159 115 144 73 232 127 199 199 250 ]
cp = [ 17.4847 16.8585 28.5146 8.33374 9.053 23.0009 17.9502 14.773 38.4281 21.16 12.823 27.1678 27.4431 31.6221 36.1799 19.7417 24.0987 30.2867 14.184 13.0046 ]
D = [ 65 82 181 274 611 866 1236 1175 1120 952 1111 318 724 792 368 153 503 203 188 1216 211 374 38 202 841 281 944 754 408 81 1162 473 163 23 747 774 889 663 629 689 294 420 1007 1018 1212 55 1172 395 ]
K = 21
nk = [ 0 1 2 3 4 5 6 7 8 9 10 11 12 13 14 15 16 17 18 19 ]
First = [ 0 0 0 0 0 0 0 0 0 0 0 0 0 0 0 0 0 0 0 0 ]
Last = [ 0 0 0 0 0 0 0 0 0 0 0 0 0 0 0 0 0 0 0 0 ]
nS = 7
S = [ 1 0 0 1 1 0 0 0 0 1 0 0 0 0 1 1 0 0 0 1 ]
