n = 20 ; 
T = 96 ; 
Init = [ 1 0 1 1 1 1 1 1 1 1 1 1 1 1 1 0 1 0 0 1 ]
L = [ 2 4 4 5 9 9 9 8 5 6 5 10 6 6 8 9 9 4 3 10 ]
l = [ 2 4 4 5 9 9 9 8 5 6 5 10 6 6 8 9 9 4 3 10 ]
Pmin = [ 25 50 49 48 93 100 96 94 50 68 53 100 57 52 84 100 91 37 34 100 ]
Pmax = [ 25 50 49 48 93 100 96 94 50 68 53 100 57 52 84 100 91 37 34 100 ]
cf = [ 7.39919 10.5895 59.5796 43.2329 16.1142 40.7849 19.7959 20.0628 25.1722 47.6362 41.5094 68.609 36.5552 43.1859 8.11684 25.6044 22.8609 58.2119 37.223 68.3269 ]
c0 = [ 85 150 128 125 250 250 250 240 147 185 148 250 150 144 226 250 230 107 101 250 ]
cp = [ 37.4884 31.5667 26.5675 19.7606 17.4469 10.7062 14.3974 13.2178 27.2827 22.6833 22.1407 12.7297 22.1187 32.6021 17.3536 12.6314 14.9515 31.5722 37.0357 8.63316 ]
D = [ 334 363 455 508 596 642 719 810 899 962 1029 1085 1184 1095 998 905 810 737 798 947 1025 828 644 479 285 357 437 515 608 670 766 835 904 965 1053 1114 1227 1116 967 893 771 671 761 879 1027 837 715 566 382 470 496 585 622 706 758 837 885 987 1058 1093 1151 1096 946 890 740 680 802 962 1121 915 722 579 385 430 495 572 633 722 770 849 869 930 1048 1103 1170 1037 977 872 746 675 816 917 1061 881 713 497 ]
K = 21
nk = [ 0 1 2 3 4 5 6 7 8 9 10 11 12 13 14 15 16 17 18 19 ]
First = [ 0 0 0 0 0 0 0 0 0 0 0 0 0 0 0 0 0 0 0 0 ]
Last = [ 0 0 0 0 0 0 0 0 0 0 0 0 0 0 0 0 0 0 0 0 ]
nS = 4
S = [ 1 0 0 0 0 0 1 0 0 0 0 0 1 0 0 0 0 0 1 0 ]
