n = 20 ; 
T = 96 ; 
Init = [ 1 1 1 1 1 0 0 1 1 1 1 1 0 1 0 1 1 1 1 0 ]
L = [ 10 7 8 5 5 7 3 10 6 3 6 2 5 9 5 9 5 3 7 6 ]
l = [ 10 7 8 5 5 7 3 10 6 3 6 2 5 9 5 9 5 3 7 6 ]
Pmin = [ 100 69 88 44 43 77 36 100 63 31 69 19 49 97 53 100 60 35 81 52 ]
Pmax = [ 100 69 88 44 43 77 36 100 63 31 69 19 49 97 53 100 60 35 81 52 ]
cf = [ 66.5786 13.6229 51.514 48.1421 9.31025 14.2145 30.8227 54.1542 62.3143 43.5506 60.0565 19.0365 47.7176 42.2955 42.4216 8.54162 49.5955 56.1689 21.0055 24.5587 ]
c0 = [ 250 177 237 123 121 197 101 250 176 88 182 59 138 250 151 250 162 106 221 144 ]
cp = [ 17.9282 15.9276 12.2817 28.2294 27.2363 18.9005 35.1998 9.80112 17.8789 29.8052 15.1653 41.033 25.3737 23.376 35.0496 9.61425 27.1975 35.1696 13.5725 31.444 ]
D = [ 1178 689 539 521 457 122 1161 832 753 933 24 684 1066 919 245 1113 1064 724 794 909 192 594 1151 1011 38 597 1041 894 319 57 1246 231 746 520 752 1203 642 647 769 129 315 793 813 115 446 1058 1227 244 516 755 1153 708 84 1038 453 121 369 228 1015 688 285 995 919 1031 249 405 968 891 1053 470 1019 101 1263 566 216 443 358 177 687 874 933 574 316 1016 346 769 1138 715 997 887 138 16 616 1057 1047 865 ]
K = 21
nk = [ 0 1 2 3 4 5 6 7 8 9 10 11 12 13 14 15 16 17 18 19 ]
First = [ 0 0 0 0 0 0 0 0 0 0 0 0 0 0 0 0 0 0 0 0 ]
Last = [ 0 0 0 0 0 0 0 0 0 0 0 0 0 0 0 0 0 0 0 0 ]
nS = 7
S = [ 1 0 1 1 0 0 0 0 0 1 1 0 0 0 0 0 1 1 0 0 ]
