n = 20 ; 
T = 96 ; 
Init = [ 1 0 0 0 1 0 1 1 1 1 1 0 1 0 1 1 0 1 1 1 ]
L = [ 8 7 2 8 6 7 4 6 7 5 4 6 3 7 3 9 7 5 9 6 ]
l = [ 8 7 2 8 6 7 4 6 7 5 4 6 3 7 3 9 7 5 9 6 ]
Pmin = [ 81 65 15 88 58 78 43 66 81 58 42 57 27 71 38 100 78 60 100 65 ]
Pmax = [ 81 65 15 88 58 78 43 66 81 58 42 57 27 71 38 100 78 60 100 65 ]
cf = [ 12.7329 8.11939 43.4215 18.9171 14.1637 20.4582 18.846 60.37 9.51229 18.2988 65.829 38.0234 49.0389 36.0285 8.83319 27.0084 59.9134 62.7974 54.5384 61.8137 ]
c0 = [ 214 177 59 233 163 206 132 178 205 166 132 149 94 186 115 250 211 157 250 177 ]
cp = [ 18.3917 20.4994 40.3462 16.3517 31.0608 17.4209 30.93 17.496 17.2385 21.164 20.9608 21.2035 29.14 16.6964 32.8833 9.37282 26.7969 34.8397 12.672 29.6683 ]
D = [ 331 390 461 526 599 623 717 787 840 914 980 1038 1060 1011 932 814 753 651 795 875 1004 837 667 523 369 444 490 577 610 658 757 802 883 937 973 1065 1123 1003 955 847 783 651 767 886 981 843 708 527 362 428 501 574 624 672 714 802 835 912 967 1043 1094 977 897 816 690 591 729 804 902 748 607 473 325 373 433 479 541 615 704 755 813 879 955 981 1044 995 871 820 733 672 754 828 922 785 613 458 ]
K = 21
nk = [ 0 1 2 3 4 5 6 7 8 9 10 11 12 13 14 15 16 17 18 19 ]
First = [ 0 0 0 0 0 0 0 0 0 0 0 0 0 0 0 0 0 0 0 0 ]
Last = [ 0 0 0 0 0 0 0 0 0 0 0 0 0 0 0 0 0 0 0 0 ]
nS = 7
S = [ 1 0 1 0 0 1 0 0 0 0 1 0 1 0 0 1 1 0 0 0 ]
