n = 20 ; 
T = 96 ; 
Init = [ 0 1 1 1 0 0 0 1 0 1 1 1 1 1 0 1 1 0 0 0 ]
L = [ 10 5 8 7 7 3 3 6 9 4 6 8 4 10 7 7 10 5 7 6 ]
l = [ 10 5 8 7 7 3 3 6 9 4 6 8 4 10 7 7 10 5 7 6 ]
Pmin = [ 100 54 87 69 76 37 27 61 97 39 73 89 36 100 73 72 100 45 82 63 ]
Pmax = [ 100 54 87 69 76 37 27 61 97 39 73 89 36 100 73 72 100 45 82 63 ]
cf = [ 7.98098 35.7677 64.8953 10.1991 58.8902 50.8972 14.8225 50.7358 62.2113 13.7255 12.5655 35.791 60.319 68.637 27.7534 21.1056 30.7988 22.4332 46.8058 7.02567 ]
c0 = [ 250 157 239 194 202 108 97 167 250 118 205 235 114 250 187 192 250 137 220 174 ]
cp = [ 9.27723 18.7178 20.0238 34.2391 19.5792 38.8939 38.9544 27.9678 16.518 32.0311 24.5861 17.9698 29.0698 8.4562 18.402 13.6733 9.13696 29.1444 25.3533 17.9824 ]
D = [ 398 439 518 588 674 747 788 843 941 990 1088 1124 1196 1104 984 903 810 710 808 935 1012 874 668 508 364 412 471 589 650 713 796 863 956 1027 1071 1146 1249 1129 1022 890 749 660 780 939 1025 842 703 507 281 403 441 514 566 649 709 805 896 949 1009 1097 1175 1070 966 872 775 653 804 895 1034 851 644 477 265 352 416 492 602 668 726 848 905 988 1076 1115 1189 1121 995 942 812 742 856 978 1106 936 766 534 ]
K = 21
nk = [ 0 1 2 3 4 5 6 7 8 9 10 11 12 13 14 15 16 17 18 19 ]
First = [ 0 0 0 0 0 0 0 0 0 0 0 0 0 0 0 0 0 0 0 0 ]
Last = [ 0 0 0 0 0 0 0 0 0 0 0 0 0 0 0 0 0 0 0 0 ]
nS = 6
S = [ 1 0 0 0 0 1 1 0 1 0 0 0 0 1 0 0 0 0 1 0 ]
