n = 20 ; 
T = 96 ; 
Init = [ 0 1 0 1 1 0 0 0 1 1 0 1 0 0 0 1 0 1 0 0 ]
L = [ 9 4 6 5 9 6 2 10 8 4 2 9 8 9 5 7 4 4 3 3 ]
l = [ 9 4 6 5 9 6 2 10 8 4 2 9 8 9 5 7 4 4 3 3 ]
Pmin = [ 100 31 66 54 98 57 22 100 83 39 11 100 82 93 60 74 40 45 38 34 ]
Pmax = [ 100 31 66 54 98 57 22 100 83 39 11 100 82 93 60 74 40 45 38 34 ]
cf = [ 8.7491 45.9042 61.2053 32.4395 67.3202 25.0681 50.3133 35.0926 61.5468 42.0753 29.531 21.5379 46.6773 47.2335 53.6773 52.5471 58.0901 14.7816 34.3971 66.1445 ]
c0 = [ 250 87 176 150 247 151 73 250 212 106 51 250 216 243 175 198 108 136 112 94 ]
cp = [ 12.7998 35.9557 23.8322 30.9817 9.33841 29.5751 39.5782 9.64362 15.8457 29.9869 41.6758 11.0534 14.4045 20.4057 27.2795 28.1067 32.7471 33.5289 35.6709 40.0639 ]
D = [ 331 32 329 865 567 269 206 610 11 808 668 45 338 497 541 286 849 157 833 684 840 45 967 386 829 650 46 597 801 580 522 1132 612 851 770 1179 1119 977 561 1130 557 3 1176 896 500 489 1182 122 647 788 806 260 834 546 646 435 1196 693 1032 770 45 327 675 658 1178 219 609 1070 1195 1170 973 526 1173 922 195 446 184 150 567 831 938 146 1091 545 692 510 980 661 1203 785 204 21 1112 879 679 1063 ]
K = 21
nk = [ 0 1 2 3 4 5 6 7 8 9 10 11 12 13 14 15 16 17 18 19 ]
First = [ 0 0 0 0 0 0 0 0 0 0 0 0 0 0 0 0 0 0 0 0 ]
Last = [ 0 0 0 0 0 0 0 0 0 0 0 0 0 0 0 0 0 0 0 0 ]
nS = 6
S = [ 1 0 0 1 0 0 0 0 0 1 0 0 1 0 0 1 1 0 0 0 ]
