n = 20 ; 
T = 96 ; 
Init = [ 0 0 0 1 0 1 0 0 0 0 1 0 0 1 0 1 1 1 1 0 ]
L = [ 7 7 8 3 2 8 4 8 8 6 3 5 7 3 6 10 8 5 2 6 ]
l = [ 7 7 8 3 2 8 4 8 8 6 3 5 7 3 6 10 8 5 2 6 ]
Pmin = [ 69 79 84 26 18 89 45 88 93 70 26 55 80 33 65 100 88 49 25 72 ]
Pmax = [ 69 79 84 26 18 89 45 88 93 70 26 55 80 33 65 100 88 49 25 72 ]
cf = [ 9.42141 51.4672 49.4047 36.9674 21.3205 53.3457 12.6455 21.4357 39.5358 10.6691 48.1787 62.2879 41.2037 42.4553 64.4533 48.1282 9.09434 64.6004 29.7105 54.8586 ]
c0 = [ 185 210 232 74 58 233 117 236 249 185 88 158 211 110 166 250 222 139 78 205 ]
cp = [ 19.8569 20.6403 16.3846 38.8859 41.4566 18.8325 29.7777 12.1336 24.946 24.9568 41.1237 36.9289 28.1463 32.8392 24.6212 10.3487 14.5693 30.3671 39.0556 31.3109 ]
D = [ 288 363 443 461 530 641 662 764 824 885 975 1010 1089 971 906 797 709 604 711 855 1000 841 652 489 316 359 426 482 538 606 665 716 789 833 928 996 1013 930 865 767 717 592 711 862 968 823 661 502 373 393 465 552 578 646 680 764 831 855 902 1004 1063 985 912 792 736 650 748 885 978 832 628 507 307 352 443 486 547 618 680 753 801 840 923 989 1018 955 882 768 707 639 750 884 962 795 610 450 ]
K = 21
nk = [ 0 1 2 3 4 5 6 7 8 9 10 11 12 13 14 15 16 17 18 19 ]
First = [ 0 0 0 0 0 0 0 0 0 0 0 0 0 0 0 0 0 0 0 0 ]
Last = [ 0 0 0 0 0 0 0 0 0 0 0 0 0 0 0 0 0 0 0 0 ]
nS = 6
S = [ 1 1 0 0 0 0 1 0 0 1 0 1 0 0 0 0 0 1 0 0 ]
