n = 20 ; 
T = 96 ; 
Init = [ 1 0 1 1 0 1 0 1 1 0 0 0 1 1 1 1 1 0 1 0 ]
L = [ 10 10 8 5 4 9 8 9 9 5 5 7 6 2 8 5 2 3 4 9 ]
l = [ 10 10 8 5 4 9 8 9 9 5 5 7 6 2 8 5 2 3 4 9 ]
Pmin = [ 100 100 86 58 45 92 79 100 100 62 55 76 56 24 87 58 20 39 35 93 ]
Pmax = [ 100 100 86 58 45 92 79 100 100 62 55 76 56 24 87 58 20 39 35 93 ]
cf = [ 20.6293 18.4678 48.711 42.1767 61.7086 21.7569 62.659 53.7155 9.07147 60.1655 62.2779 58.6866 43.3312 40.0543 57.4101 66.2792 9.91482 52.3906 36.4588 25.2246 ]
c0 = [ 250 250 232 170 126 244 220 250 250 180 163 213 167 82 221 167 59 116 113 234 ]
cp = [ 8.86751 9.61706 16.9869 37.7922 39.0406 18.276 15.0534 11.62 13.4406 30.1855 30.6442 19.1072 21.6628 40.717 27.6756 26.1053 41.3262 35.1595 27.1932 9.72451 ]
D = [ 356 439 480 589 633 686 751 848 926 986 1045 1144 1185 1064 1007 865 746 686 830 954 1098 911 700 488 311 378 436 506 599 645 744 822 865 939 1027 1116 1180 1079 975 911 801 713 811 865 958 781 639 432 255 372 454 519 566 644 730 804 908 944 1042 1146 1198 1072 983 895 758 642 754 894 955 823 647 488 362 418 449 559 620 694 775 837 866 944 1034 1077 1177 1074 980 898 759 686 806 946 1107 873 688 493 ]
K = 21
nk = [ 0 1 2 3 4 5 6 7 8 9 10 11 12 13 14 15 16 17 18 19 ]
First = [ 0 0 0 0 0 0 0 0 0 0 0 0 0 0 0 0 0 0 0 0 ]
Last = [ 0 0 0 0 0 0 0 0 0 0 0 0 0 0 0 0 0 0 0 0 ]
nS = 5
S = [ 1 0 0 0 1 0 1 0 0 1 0 0 0 0 0 1 0 0 0 0 ]
