n = 20 ; 
T = 96 ; 
Init = [ 1 0 0 1 1 0 0 1 0 1 0 1 1 1 0 0 0 0 1 0 ]
L = [ 5 6 6 5 8 10 6 5 8 8 5 5 9 9 6 5 6 4 3 3 ]
l = [ 5 6 6 5 8 10 6 5 8 8 5 5 9 9 6 5 6 4 3 3 ]
Pmin = [ 51 60 57 51 77 100 54 56 92 76 52 56 95 98 71 45 74 40 38 30 ]
Pmax = [ 51 60 57 51 77 100 54 56 92 76 52 56 95 98 71 45 74 40 38 30 ]
cf = [ 44.0018 35.3564 52.1969 52.4457 11.2429 48.4048 18.7257 7.4106 64.6613 16.1693 16.4889 44.775 48.6971 43.396 51.1577 30.645 23.0179 7.54564 51.8405 44.1807 ]
c0 = [ 148 167 157 135 212 250 146 152 239 211 156 155 250 248 186 120 191 119 114 85 ]
cp = [ 33.0342 18.702 25.6391 29.0818 25.3379 8.19594 27.5397 32.6056 22.3927 29.8216 38.9508 32.1058 11.0151 10.8974 11.3229 25.1242 28.5602 30.0605 38.5234 32.7176 ]
D = [ 1069 883 117 1066 1071 496 1247 38 1201 694 151 676 1267 1065 321 79 628 558 88 520 744 279 11 313 1015 903 791 65 914 424 817 710 34 934 504 1105 157 477 1143 86 1171 21 762 1164 1085 1083 1244 441 368 58 961 1112 338 971 152 79 601 943 145 242 94 961 953 128 622 183 1233 779 660 1103 865 558 1124 354 450 936 164 420 104 532 479 1065 371 816 763 523 895 91 193 1040 334 287 729 13 416 78 ]
K = 21
nk = [ 0 1 2 3 4 5 6 7 8 9 10 11 12 13 14 15 16 17 18 19 ]
First = [ 0 0 0 0 0 0 0 0 0 0 0 0 0 0 0 0 0 0 0 0 ]
Last = [ 0 0 0 0 0 0 0 0 0 0 0 0 0 0 0 0 0 0 0 0 ]
nS = 7
S = [ 1 1 0 0 0 1 0 0 0 1 0 1 1 0 0 0 1 0 0 0 ]
