n = 20 ; 
T = 96 ; 
Init = [ 1 0 1 1 0 1 0 0 0 1 0 0 0 1 0 0 1 0 0 0 ]
L = [ 3 9 5 2 7 4 8 3 10 8 5 3 3 7 8 6 5 3 5 7 ]
l = [ 3 9 5 2 7 4 8 3 10 8 5 3 3 7 8 6 5 3 5 7 ]
Pmin = [ 29 100 55 25 81 45 91 35 100 75 43 22 28 77 82 74 48 26 51 78 ]
Pmax = [ 29 100 55 25 81 45 91 35 100 75 43 22 28 77 82 74 48 26 51 78 ]
cf = [ 17.3852 9.92505 39.2205 9.93728 62.0069 31.9423 64.8024 43.6881 50.6565 42.6002 16.2505 14.3063 57.658 54.7238 50.94 50.3352 36.0872 13.9068 47.0197 53.0098 ]
c0 = [ 90 250 155 82 225 135 238 116 250 209 134 67 94 204 211 195 146 92 135 201 ]
cp = [ 34.9368 11.4624 26.9061 41.8811 23.6765 19.4633 12.7341 40.0864 10.9799 20.7558 37.9068 41.3696 34.5471 17.137 17.3326 17.3631 26.1534 37.2475 37.1792 18.3016 ]
D = [ 329 383 479 493 553 608 668 723 799 838 885 939 1002 938 856 771 688 604 669 747 825 691 561 470 336 398 467 502 557 630 669 723 755 839 867 928 1003 899 836 755 655 593 690 814 915 766 596 437 305 356 399 458 524 596 656 695 753 814 877 966 1001 922 836 741 630 541 674 784 898 732 565 400 261 304 339 404 479 514 586 629 712 764 806 892 949 849 784 728 679 611 703 779 899 730 597 412 ]
K = 21
nk = [ 0 1 2 3 4 5 6 7 8 9 10 11 12 13 14 15 16 17 18 19 ]
First = [ 0 0 0 0 0 0 0 0 0 0 0 0 0 0 0 0 0 0 0 0 ]
Last = [ 0 0 0 0 0 0 0 0 0 0 0 0 0 0 0 0 0 0 0 0 ]
nS = 5
S = [ 1 0 0 0 1 0 1 0 0 0 0 0 1 0 0 0 0 1 0 0 ]
