n = 20 ; 
T = 96 ; 
Init = [ 0 0 0 1 0 1 1 1 0 0 1 0 1 1 1 1 0 0 0 0 ]
L = [ 4 4 4 6 2 7 7 7 4 6 6 2 4 6 9 4 5 7 10 5 ]
l = [ 4 4 4 6 2 7 7 7 4 6 6 2 4 6 9 4 5 7 10 5 ]
Pmin = [ 42 44 35 74 24 72 74 70 32 71 58 24 46 65 99 41 56 82 100 47 ]
Pmax = [ 42 44 35 74 24 72 74 70 32 71 58 24 46 65 99 41 56 82 100 47 ]
cf = [ 15.9074 63.6992 56.6944 63.5144 24.071 39.414 23.5677 20.053 66.5751 32.2693 20.5071 69.6656 9.22023 59.8959 57.023 19.4793 12.8712 19.3977 43.9394 16.1854 ]
c0 = [ 111 131 108 204 71 188 198 186 89 201 156 77 138 172 250 116 167 212 250 145 ]
cp = [ 37.2027 27.4199 38.8469 20.6788 35.7153 28.1382 26.0715 24.2781 22.4279 23.8207 30.1158 41.9175 31.3544 33.4703 11.3443 36.2459 28.2769 19.9604 8.61161 37.8235 ]
D = [ 168 977 663 1020 152 1154 201 104 226 875 88 389 760 1000 270 1073 439 574 156 376 1038 404 370 1079 219 132 152 327 359 829 495 527 650 2 391 803 0 592 906 226 312 995 615 1071 838 885 988 121 303 1144 497 185 393 867 108 611 998 259 938 201 1089 277 728 583 279 1119 229 279 556 1136 505 867 974 1120 782 657 849 614 778 1152 603 119 182 995 986 289 451 828 549 233 1030 481 510 602 1064 789 ]
K = 21
nk = [ 0 1 2 3 4 5 6 7 8 9 10 11 12 13 14 15 16 17 18 19 ]
First = [ 0 0 0 0 0 0 0 0 0 0 0 0 0 0 0 0 0 0 0 0 ]
Last = [ 0 0 0 0 0 0 0 0 0 0 0 0 0 0 0 0 0 0 0 0 ]
nS = 9
S = [ 1 0 1 0 0 1 1 0 1 0 0 0 1 1 0 1 1 0 0 0 ]
