n = 20 ; 
T = 96 ; 
Init = [ 1 0 0 1 0 0 1 0 0 0 0 1 1 0 1 0 0 0 1 0 ]
L = [ 9 7 10 3 9 2 6 4 4 2 10 6 8 5 10 4 2 6 4 8 ]
l = [ 9 7 10 3 9 2 6 4 4 2 10 6 8 5 10 4 2 6 4 8 ]
Pmin = [ 100 74 100 33 87 15 71 34 46 20 100 63 90 48 100 37 20 63 36 88 ]
Pmax = [ 100 74 100 33 87 15 71 34 46 20 100 63 90 48 100 37 20 63 36 88 ]
cf = [ 33.2586 20.5866 19.9169 42.959 54.933 61.8829 61.1643 59.2561 10.3679 10.5927 57.989 53.0063 17.8297 13.5091 27.2311 43.6084 22.8916 59.0523 58.2931 9.71561 ]
c0 = [ 250 192 250 102 227 50 192 98 138 80 250 162 248 127 250 102 60 179 98 230 ]
cp = [ 15.2781 15.7639 9.59915 40.9672 13.0388 40.1045 17.294 30.6898 28.6672 41.2348 8.50115 18.2846 8.25192 25.8028 9.65957 31.5682 41.016 25.217 33.2848 21.0809 ]
D = [ 959 935 151 929 962 152 1051 1045 1102 1195 268 387 234 520 1086 1166 362 915 957 427 984 724 97 1195 850 490 682 1159 277 454 1212 11 164 138 940 1126 290 766 946 166 735 1214 553 970 509 415 911 871 104 643 73 1089 142 170 1059 992 660 515 926 937 970 913 948 1134 1051 663 1035 116 204 756 282 939 745 836 684 29 26 369 900 130 1012 973 1219 1154 1142 1052 921 577 343 622 289 88 310 13 1222 136 ]
K = 21
nk = [ 0 1 2 3 4 5 6 7 8 9 10 11 12 13 14 15 16 17 18 19 ]
First = [ 0 0 0 0 0 0 0 0 0 0 0 0 0 0 0 0 0 0 0 0 ]
Last = [ 0 0 0 0 0 0 0 0 0 0 0 0 0 0 0 0 0 0 0 0 ]
nS = 5
S = [ 1 0 0 0 1 0 0 0 0 0 1 1 0 0 0 0 1 0 0 0 ]
