n = 20 ; 
T = 96 ; 
Init = [ 1 1 1 1 0 1 0 1 1 1 0 0 1 1 1 0 1 1 1 0 ]
L = [ 5 9 2 6 5 3 9 7 4 5 10 7 7 5 8 3 4 3 3 7 ]
l = [ 5 9 2 6 5 3 9 7 4 5 10 7 7 5 8 3 4 3 3 7 ]
Pmin = [ 49 100 19 62 54 40 98 71 43 46 100 71 71 44 92 33 40 24 25 72 ]
Pmax = [ 49 100 19 62 54 40 98 71 43 46 100 71 71 44 92 33 40 24 25 72 ]
cf = [ 53.1149 10.7366 64.135 68.6733 38.9995 54.1245 59.9946 66.7233 57.7588 7.61195 29.0361 67.8144 55.0232 44.4294 46.4847 60.9689 69.7652 61.0336 32.3285 30.072 ]
c0 = [ 131 250 62 173 142 116 249 193 121 121 250 201 201 129 239 92 112 74 89 199 ]
cp = [ 28.569 13.4981 41.7928 25.3028 30.1994 40.7788 14.3623 18.7767 36.7488 29.2365 8.26075 20.8642 31.3527 31.2196 12.6111 30.4037 31.8105 38.4531 39.5914 17.4379 ]
D = [ 341 407 464 521 572 620 678 744 785 847 891 943 1009 910 807 733 650 529 650 762 893 711 562 418 245 313 385 423 491 563 641 701 729 817 860 940 1015 911 812 737 668 587 710 802 921 733 577 450 295 354 389 453 522 580 651 733 761 830 926 981 1032 948 865 789 687 611 665 729 833 659 521 429 263 311 382 445 512 583 653 714 793 835 907 945 1019 934 858 787 708 598 677 772 850 700 562 433 ]
K = 21
nk = [ 0 1 2 3 4 5 6 7 8 9 10 11 12 13 14 15 16 17 18 19 ]
First = [ 0 0 0 0 0 0 0 0 0 0 0 0 0 0 0 0 0 0 0 0 ]
Last = [ 0 0 0 0 0 0 0 0 0 0 0 0 0 0 0 0 0 0 0 0 ]
nS = 4
S = [ 1 0 0 0 0 0 1 0 0 0 0 0 1 0 0 0 0 1 0 0 ]
