n = 20 ; 
T = 96 ; 
Init = [ 0 0 1 1 1 1 0 1 1 1 1 0 1 1 0 1 0 1 0 1 ]
L = [ 7 5 8 6 2 10 2 10 4 10 6 9 9 6 3 2 4 5 4 2 ]
l = [ 7 5 8 6 2 10 2 10 4 10 6 9 9 6 3 2 4 5 4 2 ]
Pmin = [ 71 55 83 63 13 100 20 100 44 100 74 93 100 60 30 24 33 52 40 13 ]
Pmax = [ 71 55 83 63 13 100 20 100 44 100 74 93 100 60 30 24 33 52 40 13 ]
cf = [ 17.4669 56.3894 62.4832 11.8504 8.08178 26.8721 8.55137 33.2528 26.5631 47.0795 52.675 23.0907 68.9245 18.5568 48.4442 41.5206 45.0271 34.0206 38.6432 13.9165 ]
c0 = [ 202 149 219 170 54 250 75 250 128 250 191 249 250 161 88 78 104 149 126 50 ]
cp = [ 27.8559 27.6232 14.6706 26.3873 38.5215 13.3615 38.8233 9.85187 33.2778 13.5607 14.8538 15.3715 13.137 16.684 38.9744 40.4131 26.8448 35.5227 27.8826 40.4314 ]
D = [ 1105 764 969 220 1114 65 783 716 794 674 0 988 422 1029 1078 442 229 1107 928 592 682 607 890 662 822 491 134 359 992 720 487 929 316 288 1148 262 352 764 978 1146 270 978 966 691 839 876 1133 1068 814 894 492 328 333 215 990 1155 705 1123 345 529 676 832 289 992 1120 270 86 304 1033 1065 282 135 875 80 827 546 956 792 447 602 518 939 931 851 1154 752 837 691 708 15 52 216 847 341 40 798 ]
K = 21
nk = [ 0 1 2 3 4 5 6 7 8 9 10 11 12 13 14 15 16 17 18 19 ]
First = [ 0 0 0 0 0 0 0 0 0 0 0 0 0 0 0 0 0 0 0 0 ]
Last = [ 0 0 0 0 0 0 0 0 0 0 0 0 0 0 0 0 0 0 0 0 ]
nS = 6
S = [ 1 0 0 0 1 0 0 1 0 0 0 1 0 1 0 0 0 0 0 1 ]
