n = 20 ; 
T = 96 ; 
Init = [ 0 0 1 1 0 0 1 0 0 1 0 0 1 0 0 1 1 1 0 0 ]
L = [ 7 4 6 2 5 8 8 3 2 7 3 5 4 7 3 10 6 9 3 9 ]
l = [ 7 4 6 2 5 8 8 3 2 7 3 5 4 7 3 10 6 9 3 9 ]
Pmin = [ 73 43 72 16 60 90 78 29 21 77 33 51 35 75 28 100 64 99 32 97 ]
Pmax = [ 73 43 72 16 60 90 78 29 21 77 33 51 35 75 28 100 64 99 32 97 ]
cf = [ 62.9926 56.1191 68.5674 34.5068 19.9441 19.3312 55.0425 37.5606 51.4731 15.8437 16.7397 27.3359 31.4041 27.321 7.06459 27.2768 61.3818 34.8687 14.9797 45.7111 ]
c0 = [ 200 120 186 63 175 238 207 98 77 204 96 137 111 195 83 250 166 250 89 243 ]
cp = [ 16.0577 30.6054 31.5745 35.6822 31.0989 21.1806 20.1602 40.7679 40.8962 20.6306 41.1501 32.6435 34.7758 22.3307 36.9694 8.37763 25.2106 12.6323 39.8368 17.991 ]
D = [ 999 528 898 655 801 1152 951 879 369 1039 903 238 780 876 750 1021 1106 472 417 761 636 599 1140 1091 977 1141 295 817 487 444 364 313 972 90 968 600 69 746 305 438 612 35 676 219 912 253 68 845 725 485 432 189 1084 399 106 888 367 402 532 854 846 896 1166 644 986 961 71 1055 534 376 320 1146 412 996 192 150 76 260 995 801 745 254 990 656 653 1096 372 1020 325 904 701 1171 627 694 642 440 ]
K = 21
nk = [ 0 1 2 3 4 5 6 7 8 9 10 11 12 13 14 15 16 17 18 19 ]
First = [ 0 0 0 0 0 0 0 0 0 0 0 0 0 0 0 0 0 0 0 0 ]
Last = [ 0 0 0 0 0 0 0 0 0 0 0 0 0 0 0 0 0 0 0 0 ]
nS = 6
S = [ 1 0 0 0 0 0 1 0 0 0 1 0 1 0 0 1 0 0 0 1 ]
