n = 20 ; 
T = 96 ; 
Init = [ 0 1 1 0 1 1 1 1 0 0 1 0 0 1 1 0 1 1 0 0 ]
L = [ 10 10 6 8 3 5 8 9 8 4 10 9 6 7 5 4 9 9 9 2 ]
l = [ 10 10 6 8 3 5 8 9 8 4 10 9 6 7 5 4 9 9 9 2 ]
Pmin = [ 100 100 55 94 33 44 95 100 78 34 100 100 73 72 50 39 97 96 89 23 ]
Pmax = [ 100 100 55 94 33 44 95 100 78 34 100 100 73 72 50 39 97 96 89 23 ]
cf = [ 68.7429 35.3308 61.1455 46.8485 67.7671 44.7329 50.5558 59.243 8.14466 50.573 16.0811 52.9946 19.2991 24.9013 32.941 10.8163 63.7617 63.2699 40.9953 45.3443 ]
c0 = [ 250 250 147 250 108 130 248 250 212 104 250 250 194 193 134 105 250 250 245 87 ]
cp = [ 9.98401 9.40584 15.6411 24.4686 39.5279 25.2574 16.6941 16.1626 23.6343 27.833 8.30845 10.4805 23.5827 22.4426 25.0799 35.0663 15.1075 14.4745 11.0703 36.9328 ]
D = [ 590 1423 82 1161 603 278 1229 420 232 1146 416 203 335 209 1134 283 1091 680 32 1117 226 244 720 513 662 1326 602 517 1169 1396 1413 287 1347 22 1448 478 301 1205 897 533 879 1313 736 1214 50 397 25 1141 1077 57 786 1303 302 34 344 964 1360 946 9 1057 870 1421 1343 745 1444 1319 1223 272 1052 648 805 459 490 69 201 540 466 227 208 71 284 994 1374 586 1028 245 78 916 1191 86 500 589 35 372 1334 7 ]
K = 21
nk = [ 0 1 2 3 4 5 6 7 8 9 10 11 12 13 14 15 16 17 18 19 ]
First = [ 0 0 0 0 0 0 0 0 0 0 0 0 0 0 0 0 0 0 0 0 ]
Last = [ 0 0 0 0 0 0 0 0 0 0 0 0 0 0 0 0 0 0 0 0 ]
nS = 6
S = [ 1 0 0 0 0 0 1 0 0 1 0 0 0 0 1 1 0 0 0 1 ]
