n = 20 ; 
T = 96 ; 
Init = [ 0 1 1 0 1 0 1 0 0 1 0 1 1 1 0 0 1 1 0 0 ]
L = [ 2 4 9 3 4 3 4 6 7 2 7 10 8 5 5 2 7 4 8 5 ]
l = [ 2 4 9 3 4 3 4 6 7 2 7 10 8 5 5 2 7 4 8 5 ]
Pmin = [ 25 34 100 28 43 26 35 61 74 17 72 100 92 56 47 18 65 37 80 57 ]
Pmax = [ 25 34 100 28 43 26 35 61 74 17 72 100 92 56 47 18 65 37 80 57 ]
cf = [ 63.3532 22.2561 21.8998 59.3253 69.5194 35.8334 17.1566 18.2657 55.699 60.3609 7.56633 23.8437 7.04667 32.4569 15.3667 15.7407 37.6013 27.6377 44.0609 61.5556 ]
c0 = [ 83 96 250 97 116 76 99 167 197 59 187 250 247 155 142 57 183 106 211 163 ]
cp = [ 37.097 35.0869 12.9944 37.1223 35.2874 36.3365 38.9932 18.7284 23.4477 41.9101 23.4885 10.5237 15.4569 32.3219 22.317 39.4371 25.1312 31.5861 18.3247 19.9687 ]
D = [ 729 759 47 410 245 962 559 1043 147 1051 710 34 242 962 920 234 384 25 425 141 929 435 427 930 866 568 11 317 918 639 174 580 331 221 990 575 117 482 551 263 466 194 297 708 90 151 942 474 176 300 615 38 735 1042 968 534 543 979 850 394 550 1024 975 881 179 898 389 295 313 941 558 779 68 856 420 158 1006 295 631 115 596 179 153 263 154 54 797 698 1032 580 25 515 538 999 329 716 ]
K = 21
nk = [ 0 1 2 3 4 5 6 7 8 9 10 11 12 13 14 15 16 17 18 19 ]
First = [ 0 0 0 0 0 0 0 0 0 0 0 0 0 0 0 0 0 0 0 0 ]
Last = [ 0 0 0 0 0 0 0 0 0 0 0 0 0 0 0 0 0 0 0 0 ]
nS = 7
S = [ 1 1 0 0 0 0 0 1 0 0 1 0 0 0 1 0 0 1 0 1 ]
