n = 20 ; 
T = 96 ; 
Init = [ 0 1 0 0 0 0 0 1 1 1 1 0 0 0 1 1 1 0 1 1 ]
L = [ 7 3 3 6 4 6 10 5 3 8 8 4 7 6 6 4 9 10 4 6 ]
l = [ 7 3 3 6 4 6 10 5 3 8 8 4 7 6 6 4 9 10 4 6 ]
Pmin = [ 67 35 28 68 38 61 100 45 34 84 79 46 72 64 71 35 95 100 34 70 ]
Pmax = [ 67 35 28 68 38 61 100 45 34 84 79 46 72 64 71 35 95 100 34 70 ]
cf = [ 10.5792 53.8858 30.7321 30.09 38.0116 29.6274 43.6863 56.9828 9.8007 61.3354 51.0802 12.4027 27.5271 37.1697 63.5463 40.6081 60.0258 68.0138 15.7145 35.3506 ]
c0 = [ 172 104 95 192 107 166 250 132 106 220 199 137 201 171 194 96 249 250 102 181 ]
cp = [ 25.5129 38.7529 35.4449 22.2959 34.8751 18.5326 8.19487 38.2584 40.3371 21.7322 12.4768 29.8043 18.7204 31.1814 34.2236 38.0854 12.8783 8.98804 24.0416 33.7534 ]
D = [ 372 193 209 180 604 993 286 16 144 851 180 213 537 642 663 1140 1082 151 887 1136 1208 519 16 382 1106 1116 1036 912 1077 1205 238 223 172 446 403 776 213 690 792 357 314 972 571 851 388 7 766 244 158 427 154 140 946 170 522 826 60 331 512 1137 311 749 134 483 1196 537 33 183 1 825 540 315 571 1111 1166 959 1118 705 1203 50 1132 131 191 852 300 712 451 360 1044 963 270 128 486 404 611 456 ]
K = 21
nk = [ 0 1 2 3 4 5 6 7 8 9 10 11 12 13 14 15 16 17 18 19 ]
First = [ 0 0 0 0 0 0 0 0 0 0 0 0 0 0 0 0 0 0 0 0 ]
Last = [ 0 0 0 0 0 0 0 0 0 0 0 0 0 0 0 0 0 0 0 0 ]
nS = 6
S = [ 1 0 0 0 1 0 0 1 0 0 0 0 1 1 0 0 0 1 0 0 ]
