n = 20 ; 
T = 96 ; 
Init = [ 0 1 1 1 1 1 0 1 1 0 0 0 0 1 1 1 1 1 1 0 ]
L = [ 3 10 8 7 5 8 5 9 6 10 4 2 4 9 5 2 4 9 10 10 ]
l = [ 3 10 8 7 5 8 5 9 6 10 4 2 4 9 5 2 4 9 10 10 ]
Pmin = [ 26 100 88 73 54 91 48 92 59 100 46 17 47 100 43 29 33 100 100 100 ]
Pmax = [ 26 100 88 73 54 91 48 92 59 100 46 17 47 100 43 29 33 100 100 100 ]
cf = [ 39.4238 69.3724 55.0822 20.5053 31.5902 13.4531 64.3526 50.7394 56.4889 59.2599 14.2122 35.1507 41.5965 42.2252 63.6781 10.3349 26.3316 25.4204 48.3561 47.7055 ]
c0 = [ 89 250 231 196 150 245 133 245 159 250 124 62 130 250 130 90 111 250 250 250 ]
cp = [ 37.3493 8.58891 15.1453 17.1659 23.3955 12.7359 35.8958 12.4003 26.4942 8.61176 32.4875 40.4728 27.9676 9.44777 23.3208 40.6748 24.909 11.7482 11.8808 8.57904 ]
D = [ 417 472 513 593 624 695 746 802 861 936 1002 1045 1110 1021 925 849 775 698 817 879 1009 847 634 475 304 363 437 500 541 636 670 776 862 892 997 1045 1136 1020 976 856 783 694 797 890 919 809 650 531 376 460 524 574 662 720 794 853 929 985 1061 1151 1189 1115 992 868 778 669 803 899 1065 891 671 495 306 374 434 503 566 660 746 798 842 918 977 1061 1143 1020 979 896 815 707 822 919 983 842 645 451 ]
K = 21
nk = [ 0 1 2 3 4 5 6 7 8 9 10 11 12 13 14 15 16 17 18 19 ]
First = [ 0 0 0 0 0 0 0 0 0 0 0 0 0 0 0 0 0 0 0 0 ]
Last = [ 0 0 0 0 0 0 0 0 0 0 0 0 0 0 0 0 0 0 0 0 ]
nS = 5
S = [ 1 0 0 0 0 1 0 0 0 1 0 0 0 0 1 0 0 1 0 0 ]
