n = 20 ; 
T = 96 ; 
Init = [ 1 0 1 0 0 1 0 1 1 1 1 1 1 0 1 0 0 0 0 0 ]
L = [ 3 3 6 5 2 5 6 7 7 5 8 3 4 6 9 9 7 4 6 7 ]
l = [ 3 3 6 5 2 5 6 7 7 5 8 3 4 6 9 9 7 4 6 7 ]
Pmin = [ 26 31 62 50 16 56 61 72 69 53 84 33 44 68 96 96 73 40 55 71 ]
Pmax = [ 26 31 62 50 16 56 61 72 69 53 84 33 44 68 96 96 73 40 55 71 ]
cf = [ 47.5796 7.23256 34.1943 42.3664 65.4098 8.38062 40.5676 52.7987 12.5615 41.8126 58.5591 55.5852 20.3509 44.2495 62.5367 14.549 67.0986 35.3075 32.4971 17.0198 ]
c0 = [ 88 98 175 134 70 154 169 190 179 138 214 111 133 182 250 244 199 110 151 202 ]
cp = [ 38.9832 37.1022 27.7384 30.282 41.1552 36.2478 24.268 16.3819 21.5037 19.6521 21.4457 38.6115 39.0066 32.6688 19.2407 12.4119 18.9049 22.1963 29.0104 20.6487 ]
D = [ 569 649 180 270 1055 4 441 639 136 946 595 880 950 1094 373 866 1119 989 551 65 472 341 957 717 1024 820 856 971 183 167 1155 752 816 179 1022 716 183 307 199 318 97 794 43 1048 732 416 758 695 249 153 760 721 493 561 282 361 225 1138 176 408 149 175 4 965 354 1027 525 536 178 724 855 275 362 897 167 1094 157 925 633 407 1078 237 1128 415 798 254 776 1022 236 952 274 385 1127 279 194 325 ]
K = 21
nk = [ 0 1 2 3 4 5 6 7 8 9 10 11 12 13 14 15 16 17 18 19 ]
First = [ 0 0 0 0 0 0 0 0 0 0 0 0 0 0 0 0 0 0 0 0 ]
Last = [ 0 0 0 0 0 0 0 0 0 0 0 0 0 0 0 0 0 0 0 0 ]
nS = 7
S = [ 1 1 1 0 0 0 0 0 1 0 1 0 0 1 0 0 0 0 0 1 ]
