n = 40 ; 
T = 48 ; 
Init = [ 1 0 0 1 1 1 1 1 0 0 1 0 1 1 1 0 1 0 0 1 1 0 0 1 1 0 1 0 0 1 1 1 0 1 1 1 1 0 0 1 ]
L = [ 9 3 2 9 8 7 9 9 8 5 4 9 3 6 8 7 7 7 8 6 8 6 9 5 6 3 3 4 5 3 9 7 4 10 8 8 6 5 6 7 ]
l = [ 9 3 2 9 8 7 9 9 8 5 4 9 3 6 8 7 7 7 8 6 8 6 9 5 6 3 3 4 5 3 9 7 4 10 8 8 6 5 6 7 ]
Pmin = [ 87 24 24 99 85 80 99 94 91 52 38 100 31 55 78 83 74 84 83 59 93 59 91 43 66 30 27 46 40 29 100 72 43 100 91 83 65 57 63 80 ]
Pmax = [ 87 24 24 99 85 80 99 94 91 52 38 100 31 55 78 83 74 84 83 59 93 59 91 43 66 30 27 46 40 29 100 72 43 100 91 83 65 57 63 80 ]
cf = [ 26.1329 59.4253 9.81162 32.9168 49.3781 29.6002 11.5278 62.4983 52.118 38.5712 15.4628 59.2458 30.0495 38.7033 27.9207 22.6278 38.1241 26.9321 66.6865 22.2295 7.7569 8.26267 16.9015 42.7833 58.2358 65.3062 18.3313 59.7073 19.5045 58.7197 9.39956 38.6374 48.145 12.2112 64.5542 27.5231 34.8114 69.082 20.0214 16.9293 ]
c0 = [ 224 87 83 250 215 207 250 236 232 136 105 250 88 162 205 223 192 220 219 157 236 171 236 124 187 105 97 137 123 96 250 203 127 250 246 223 168 152 176 206 ]
cp = [ 20.624 34.9464 40.4034 11.7459 17.2278 19.2779 9.58319 15.9275 9.7735 31.4308 38.1117 9.95039 35.6367 25.8186 19.2552 19.4215 23.7512 21.0903 22.9287 22.758 13.3183 20.6356 14.9982 34.908 28.8681 36.8612 35.1221 32.2829 28.6632 39.0468 16.7678 18.9494 28.2565 9.02267 19.9184 18.5879 21.5928 27.8234 24.1524 16.11 ]
D = [ 651 771 940 1115 1195 1395 1546 1626 1841 1928 2143 2263 2377 2199 2001 1719 1564 1309 1627 1889 2092 1756 1437 1108 817 945 1091 1216 1369 1440 1609 1712 1790 2005 2072 2202 2380 2199 1966 1738 1572 1377 1525 1742 2027 1635 1362 1102 ]
K = 41
nk = [ 0 1 2 3 4 5 6 7 8 9 10 11 12 13 14 15 16 17 18 19 20 21 22 23 24 25 26 27 28 29 30 31 32 33 34 35 36 37 38 39 ]
First = [ 0 0 0 0 0 0 0 0 0 0 0 0 0 0 0 0 0 0 0 0 0 0 0 0 0 0 0 0 0 0 0 0 0 0 0 0 0 0 0 0 ]
Last = [ 0 0 0 0 0 0 0 0 0 0 0 0 0 0 0 0 0 0 0 0 0 0 0 0 0 0 0 0 0 0 0 0 0 0 0 0 0 0 0 0 ]
nS = 11
S = [ 1 0 1 0 0 0 0 1 0 0 0 1 0 0 1 0 0 0 0 0 1 0 0 0 1 1 0 0 0 1 0 0 0 0 1 0 0 1 0 0 ]
