n = 40 ; 
T = 48 ; 
Init = [ 0 0 1 0 1 1 1 0 0 0 0 1 1 1 0 0 1 1 1 1 0 1 0 1 1 1 0 0 0 1 1 0 1 1 0 0 0 1 1 0 ]
L = [ 3 7 9 6 7 7 9 8 8 5 6 5 5 9 5 8 7 4 7 2 9 3 7 4 8 7 9 10 5 2 8 3 7 6 8 8 5 7 4 3 ]
l = [ 3 7 9 6 7 7 9 8 8 5 6 5 5 9 5 8 7 4 7 2 9 3 7 4 8 7 9 10 5 2 8 3 7 6 8 8 5 7 4 3 ]
Pmin = [ 23 71 98 58 79 76 100 83 88 55 72 61 55 90 52 84 83 36 84 21 98 20 75 36 80 67 100 100 42 25 90 34 79 65 89 89 46 68 35 33 ]
Pmax = [ 23 71 98 58 79 76 100 83 88 55 72 61 55 90 52 84 83 36 84 21 98 20 75 36 80 67 100 100 42 25 90 34 79 65 89 89 46 68 35 33 ]
cf = [ 9.40469 33.3079 43.3639 65.51 33.4648 16.052 25.4819 34.1969 41.1448 45.7024 47.3884 65.3718 59.9192 32.7979 25.0579 58.6537 60.1289 45.6234 14.6099 62.3036 37.7995 37.6105 24.769 59.3766 54.9145 26.5723 48.7856 43.4306 37.2448 57.3174 46.9615 39.6495 20.6253 20.3254 35.1594 47.0901 29.3774 53.6413 11.287 63.5222 ]
c0 = [ 74 191 250 164 210 204 250 217 227 162 189 168 161 227 148 221 209 106 219 66 250 64 206 106 224 181 250 250 112 90 235 102 208 171 224 242 140 178 97 92 ]
cp = [ 36.7287 21.3151 9.78349 27.5439 22.9582 12.8763 13.149 19.776 21.6658 22.3088 24.6064 30.7679 20.1439 15.8406 38.2158 16.5895 13.4792 29.9206 21.0011 40.6078 11.1978 41.2586 23.242 33.5799 21.4549 27.6944 11.6794 9.32054 22.7014 37.2123 12.1007 38.2895 13.2547 31.9214 19.4163 19.1947 30.7913 21.9501 32.7623 38.5133 ]
D = [ 580 699 927 1031 1097 1300 1362 1534 1610 1730 1894 2028 2185 2050 1883 1678 1525 1346 1552 1736 1919 1581 1277 1041 710 836 1031 1062 1183 1353 1427 1517 1726 1843 1880 2081 2129 1980 1808 1586 1432 1217 1567 1852 2124 1776 1468 1084 ]
K = 41
nk = [ 0 1 2 3 4 5 6 7 8 9 10 11 12 13 14 15 16 17 18 19 20 21 22 23 24 25 26 27 28 29 30 31 32 33 34 35 36 37 38 39 ]
First = [ 0 0 0 0 0 0 0 0 0 0 0 0 0 0 0 0 0 0 0 0 0 0 0 0 0 0 0 0 0 0 0 0 0 0 0 0 0 0 0 0 ]
Last = [ 0 0 0 0 0 0 0 0 0 0 0 0 0 0 0 0 0 0 0 0 0 0 0 0 0 0 0 0 0 0 0 0 0 0 0 0 0 0 0 0 ]
nS = 11
S = [ 1 0 0 0 0 0 1 1 0 0 0 0 1 0 0 0 0 0 1 1 0 1 0 0 0 1 0 0 0 0 1 0 1 0 0 0 1 0 0 0 ]
