n = 40 ; 
T = 48 ; 
Init = [ 1 1 1 0 1 0 0 1 0 0 1 1 0 1 0 0 0 0 1 1 1 1 1 1 1 1 1 1 1 0 0 0 1 1 1 0 1 1 1 0 ]
L = [ 5 3 5 5 4 6 4 8 4 9 8 8 6 4 8 3 8 2 3 4 7 10 9 2 6 3 6 9 4 8 8 4 10 2 8 5 8 9 5 6 ]
l = [ 5 3 5 5 4 6 4 8 4 9 8 8 6 4 8 3 8 2 3 4 7 10 9 2 6 3 6 9 4 8 8 4 10 2 8 5 8 9 5 6 ]
Pmin = [ 54 30 52 47 37 55 36 80 38 89 92 86 58 50 82 29 88 19 26 46 75 100 100 27 62 35 54 92 39 79 85 39 100 16 96 49 82 88 46 61 ]
Pmax = [ 54 30 52 47 37 55 36 80 38 89 92 86 58 50 82 29 88 19 26 46 75 100 100 27 62 35 54 92 39 79 85 39 100 16 96 49 82 88 46 61 ]
cf = [ 59.2202 17.0509 46.1982 19.2391 8.32834 23.738 29.1344 31.9282 68.2522 52.8636 28.971 59.5843 36.0242 20.6837 31.6902 43.4388 8.28888 18.3373 19.9882 8.41219 32.3661 46.2127 29.4831 67.0779 33.2807 25.9702 41.0773 17.11 41.7908 45.4226 53.4898 31.011 55.4735 29.6879 43.2501 56.8018 46.426 65.3845 18.73 44.6782 ]
c0 = [ 147 89 143 137 101 163 105 213 121 237 232 218 159 149 220 83 229 72 80 141 210 250 250 88 161 112 157 244 105 205 224 110 250 66 250 142 223 227 121 168 ]
cp = [ 33.608 32.4353 30.1602 29.256 32.6368 21.7787 34.9164 17.9957 40.7063 9.79846 19.9988 17.5772 16.5859 33.6336 24.7702 36.3158 25.6708 41.7524 33.8762 24.9065 11.1985 12.151 15.3518 38.4027 22.7075 23.6125 31.7559 14.4187 31.0961 18.5995 11.4622 34.9828 9.02077 35.1273 23.8981 34.3831 17.8279 13.407 19.8674 38.3761 ]
D = [ 1584 1294 1047 279 1819 1995 1678 1869 11 2177 1923 985 1264 367 873 2273 1096 2181 242 13 1238 2027 935 680 479 2327 173 1993 2149 624 1021 1314 1918 2068 1593 1318 1643 853 768 1655 611 272 221 1874 639 1094 1728 1735 ]
K = 41
nk = [ 0 1 2 3 4 5 6 7 8 9 10 11 12 13 14 15 16 17 18 19 20 21 22 23 24 25 26 27 28 29 30 31 32 33 34 35 36 37 38 39 ]
First = [ 0 0 0 0 0 0 0 0 0 0 0 0 0 0 0 0 0 0 0 0 0 0 0 0 0 0 0 0 0 0 0 0 0 0 0 0 0 0 0 0 ]
Last = [ 0 0 0 0 0 0 0 0 0 0 0 0 0 0 0 0 0 0 0 0 0 0 0 0 0 0 0 0 0 0 0 0 0 0 0 0 0 0 0 0 ]
nS = 10
S = [ 1 1 0 0 0 0 1 1 0 0 1 0 0 0 0 0 1 0 0 0 0 0 1 0 0 0 0 1 0 0 1 0 0 0 0 0 1 0 0 0 ]
