n = 40 ; 
T = 48 ; 
Init = [ 0 1 0 1 1 1 1 1 0 0 0 0 0 1 1 1 1 1 0 0 0 0 1 0 0 0 0 0 1 1 0 1 0 0 0 0 1 0 1 0 ]
L = [ 4 2 10 5 6 7 7 3 3 6 3 7 6 4 3 7 2 8 4 9 8 4 7 6 4 5 5 9 6 3 7 8 4 6 4 6 4 5 8 4 ]
l = [ 4 2 10 5 6 7 7 3 3 6 3 7 6 4 3 7 2 8 4 9 8 4 7 6 4 5 5 9 6 3 7 8 4 6 4 6 4 5 8 4 ]
Pmin = [ 39 17 100 53 59 74 78 23 31 57 34 72 55 43 36 81 23 86 46 93 86 42 67 60 46 51 46 92 58 25 78 92 40 53 36 58 36 52 78 41 ]
Pmax = [ 39 17 100 53 59 74 78 23 31 57 34 72 55 43 36 81 23 86 46 93 86 42 67 60 46 51 46 92 58 25 78 92 40 53 36 58 36 52 78 41 ]
cf = [ 21.4416 21.0846 33.5677 46.2136 51.9571 25.0289 7.81478 19.988 61.7435 38.185 60.6381 37.1226 26.4111 16.3623 26.5083 23.3606 45.8567 38.6347 62.205 54.1463 11.8148 13.7669 7.55524 23.1477 30.585 68.2245 24.2616 19.9585 45.7924 52.6398 30.6878 60.234 66.7244 57.2555 36.4476 48.6815 12.2844 37.2624 61.6695 67.0279 ]
c0 = [ 106 65 250 154 170 200 213 75 92 159 109 188 151 124 115 212 78 230 131 249 230 130 177 173 141 144 126 245 152 84 203 236 110 144 118 150 115 150 208 113 ]
cp = [ 27.9371 35.6714 9.65698 31.2777 34.1088 31.8071 32.1627 25.1925 37.0949 34.3768 37.3254 18.3619 31.0676 27.4691 36.0564 15.787 40.756 15.588 23.9692 16.8872 14.0169 21.8067 24.0098 25.417 32.3107 25.1986 34.7132 19.4691 26.7044 33.3781 17.5085 22.3486 34.0294 30.8692 38.0574 28.9549 32.2151 32.9229 15.0026 34.1531 ]
D = [ 2182 1609 964 634 1941 1657 1215 1084 543 938 521 714 1179 541 1287 2016 478 1900 239 1855 1284 1080 1508 1168 628 317 411 815 1392 115 710 1336 1724 1674 1971 1428 1094 949 275 1637 1887 796 114 828 1336 1401 607 1814 ]
K = 41
nk = [ 0 1 2 3 4 5 6 7 8 9 10 11 12 13 14 15 16 17 18 19 20 21 22 23 24 25 26 27 28 29 30 31 32 33 34 35 36 37 38 39 ]
First = [ 0 0 0 0 0 0 0 0 0 0 0 0 0 0 0 0 0 0 0 0 0 0 0 0 0 0 0 0 0 0 0 0 0 0 0 0 0 0 0 0 ]
Last = [ 0 0 0 0 0 0 0 0 0 0 0 0 0 0 0 0 0 0 0 0 0 0 0 0 0 0 0 0 0 0 0 0 0 0 0 0 0 0 0 0 ]
nS = 12
S = [ 1 0 0 0 0 0 1 0 1 0 0 0 0 1 0 0 0 0 1 0 0 0 1 0 0 1 0 1 1 0 0 0 0 1 0 1 0 1 0 0 ]
