n = 40 ; 
T = 48 ; 
Init = [ 1 0 1 0 1 1 0 0 1 1 1 0 0 1 1 0 1 1 1 1 1 0 1 1 1 0 1 0 0 1 0 1 1 1 1 0 0 1 0 1 ]
L = [ 6 2 4 4 7 8 8 8 9 2 4 7 5 3 9 6 10 10 9 4 10 9 7 9 2 3 6 4 3 9 5 4 3 6 8 3 6 8 10 6 ]
l = [ 6 2 4 4 7 8 8 8 9 2 4 7 5 3 9 6 10 10 9 4 10 9 7 9 2 3 6 4 3 9 5 4 3 6 8 3 6 8 10 6 ]
Pmin = [ 71 19 30 45 78 86 83 88 92 18 43 72 44 31 94 62 100 100 93 32 100 100 70 100 23 17 64 44 30 93 49 35 26 66 88 20 60 81 99 64 ]
Pmax = [ 71 19 30 45 78 86 83 88 92 18 43 72 44 31 94 62 100 100 93 32 100 100 70 100 23 17 64 44 30 93 49 35 26 66 88 20 60 81 99 64 ]
cf = [ 59.9919 34.1951 33.3948 56.0551 18.6218 10.0711 43.6549 69.5546 23.75 63.2526 11.638 29.3496 42.0672 58.2251 9.64544 63.5293 59.1821 53.766 44.7428 26.7268 44.6268 14.2849 52.8957 18.8916 60.1946 22.5921 17.4204 17.8655 52.7126 25.8758 11.0051 42.7044 53.0709 37.3999 28.7596 64.6926 40.471 65.4144 64.2472 57.221 ]
c0 = [ 201 72 88 120 206 229 231 225 244 63 121 195 136 102 249 177 250 250 240 90 250 250 194 250 74 52 180 132 93 250 139 103 86 186 233 79 161 215 250 184 ]
cp = [ 26.7769 40.7817 35.9327 31.2055 19.7574 18.7356 15.1234 16.604 18.1396 40.831 29.0748 20.8299 29.8132 37.6967 9.66521 21.4762 10.0062 8.968 11.5864 34.3116 9.89781 9.80596 26.2329 13.7111 41.2321 35.9956 27.04 27.198 37.8588 12.0241 35.5291 38.6924 40.3516 21.0861 17.9355 36.0065 37.4426 10.7353 10.3177 21.4315 ]
D = [ 2058 2466 381 946 1996 487 688 1565 2350 2192 2351 1339 2482 1670 1813 2091 2291 2228 14 1602 470 174 515 2306 1385 1382 2094 208 1199 1865 2209 748 1820 80 1693 1307 567 2381 362 407 2063 204 1746 2034 1874 1049 1615 1655 ]
K = 41
nk = [ 0 1 2 3 4 5 6 7 8 9 10 11 12 13 14 15 16 17 18 19 20 21 22 23 24 25 26 27 28 29 30 31 32 33 34 35 36 37 38 39 ]
First = [ 0 0 0 0 0 0 0 0 0 0 0 0 0 0 0 0 0 0 0 0 0 0 0 0 0 0 0 0 0 0 0 0 0 0 0 0 0 0 0 0 ]
Last = [ 0 0 0 0 0 0 0 0 0 0 0 0 0 0 0 0 0 0 0 0 0 0 0 0 0 0 0 0 0 0 0 0 0 0 0 0 0 0 0 0 ]
nS = 12
S = [ 1 0 0 0 1 0 0 0 0 1 0 0 0 1 1 0 0 0 0 0 1 0 0 0 1 1 0 0 1 0 1 0 0 0 0 1 0 0 0 1 ]
