n = 40 ; 
T = 48 ; 
Init = [ 0 1 0 0 1 0 0 1 1 1 0 0 1 0 0 1 0 0 0 0 0 1 0 1 1 0 0 1 0 0 1 0 1 1 0 0 1 0 0 0 ]
L = [ 4 6 7 8 2 6 2 7 5 4 4 9 8 4 3 10 7 6 9 3 8 6 3 4 9 10 6 6 3 7 10 10 4 3 5 4 3 10 6 8 ]
l = [ 4 6 7 8 2 6 2 7 5 4 4 9 8 4 3 10 7 6 9 3 8 6 3 4 9 10 6 6 3 7 10 10 4 3 5 4 3 10 6 8 ]
Pmin = [ 47 62 80 86 19 67 24 74 49 39 40 97 86 38 31 100 71 58 99 22 92 68 26 47 100 100 66 65 39 73 100 100 40 25 43 35 28 100 64 84 ]
Pmax = [ 47 62 80 86 19 67 24 74 49 39 40 97 86 38 31 100 71 58 99 22 92 68 26 47 100 100 66 65 39 73 100 100 40 25 43 35 28 100 64 84 ]
cf = [ 66.8783 16.27 69.0887 51.4942 49.7174 37.2301 34.7487 28.7485 40.4484 20.6988 59.1106 43.8615 30.9839 30.8625 13.9501 63.9098 27.0743 67.3099 12.499 25.1602 31.3136 68.3352 37.8024 60.0954 34.1225 46.6195 27.3778 9.93021 32.8372 9.87063 8.84211 29.7155 19.1406 7.93077 11.2097 61.8579 38.1609 38.9584 20.6064 8.60927 ]
c0 = [ 128 159 214 238 57 175 82 192 137 107 116 243 232 114 97 250 196 150 250 75 232 176 85 134 250 250 188 170 126 194 250 250 117 81 118 106 92 250 180 233 ]
cp = [ 23.9443 33.8547 22.4932 26.5208 41.4753 29.0014 40.3742 20.5706 29.8618 30.0912 34.8058 15.4386 12.6208 28.7164 35.4946 9.76638 22.2424 25.4949 12.9647 36.4496 18.3078 21.4979 28.7523 38.6587 16.3628 10.5146 26.7414 16.5956 28.7516 18.7854 8.55889 8.43901 39.1808 37.7902 32.9058 31.486 34.3839 11.6117 24.6963 18.5261 ]
D = [ 1800 107 1517 262 1048 1791 22 1839 1685 239 72 159 173 1286 2253 1242 364 572 1358 1383 686 1430 2279 1164 1467 2445 843 212 1221 1380 275 537 1487 1792 799 51 1099 820 1890 300 1059 1962 459 1232 764 228 2474 1128 ]
K = 41
nk = [ 0 1 2 3 4 5 6 7 8 9 10 11 12 13 14 15 16 17 18 19 20 21 22 23 24 25 26 27 28 29 30 31 32 33 34 35 36 37 38 39 ]
First = [ 0 0 0 0 0 0 0 0 0 0 0 0 0 0 0 0 0 0 0 0 0 0 0 0 0 0 0 0 0 0 0 0 0 0 0 0 0 0 0 0 ]
Last = [ 0 0 0 0 0 0 0 0 0 0 0 0 0 0 0 0 0 0 0 0 0 0 0 0 0 0 0 0 0 0 0 0 0 0 0 0 0 0 0 0 ]
nS = 13
S = [ 1 1 0 0 0 0 1 1 0 0 0 0 0 1 0 0 0 1 0 0 0 1 0 0 1 0 0 1 0 0 0 0 0 1 1 0 1 0 1 0 ]
