n = 40 ; 
T = 48 ; 
Init = [ 1 1 1 0 0 1 1 1 1 0 0 1 1 1 1 1 1 1 1 0 0 0 0 0 1 1 0 1 1 1 0 1 1 1 1 1 0 1 0 0 ]
L = [ 4 4 4 9 7 4 8 5 4 2 2 3 8 4 4 7 4 7 5 7 8 2 10 7 9 3 3 5 5 8 8 2 8 8 6 7 6 2 10 5 ]
l = [ 4 4 4 9 7 4 8 5 4 2 2 3 8 4 4 7 4 7 5 7 8 2 10 7 9 3 3 5 5 8 8 2 8 8 6 7 6 2 10 5 ]
Pmin = [ 47 45 38 92 81 42 77 47 39 18 22 34 91 42 38 86 40 78 47 76 88 22 100 82 100 22 28 58 49 81 86 19 84 88 66 68 64 21 100 49 ]
Pmax = [ 47 45 38 92 81 42 77 47 39 18 22 34 91 42 38 86 40 78 47 76 88 22 100 82 100 22 28 58 49 81 86 19 84 88 66 68 64 21 100 49 ]
cf = [ 7.7802 14.2759 28.1257 12.0525 66.3097 66.3562 51.8595 60.7374 10.5012 9.15238 26.0478 40.8869 54.1544 68.5662 45.2733 21.9068 18.7386 15.2938 27.6258 7.86896 17.4408 9.88042 56.2681 41.6276 18.6485 10.7527 69.7168 32.0964 58.1613 22.7219 41.4959 58.9415 29.9979 62.6216 63.994 26.3076 58.9778 45.8535 17.045 62.479 ]
c0 = [ 143 125 112 242 207 114 206 141 124 59 82 96 229 129 116 230 127 200 130 201 233 80 250 208 250 68 89 152 146 206 232 73 220 223 174 183 168 79 250 132 ]
cp = [ 31.5982 22.7878 26.162 14.79 13.9975 29.1538 17.9423 38.1 26.3921 39.9872 40.2885 39.0858 15.5077 34.4041 36.434 18.298 33.0994 29.3908 36.83 17.313 12.0889 41.558 8.75055 25.3285 11.1583 32.3453 38.3069 31.935 30.2015 16.2319 10.516 41.6626 10.7591 15.0173 18.2067 35.6146 31.0566 37.646 10.0546 33.3102 ]
D = [ 1533 1088 986 941 1034 61 1498 1473 371 2269 1505 762 21 992 2056 457 1132 2045 1395 690 278 329 276 1138 54 52 1860 1997 1504 2235 1716 682 968 346 1622 2001 407 765 1119 779 679 269 1540 700 1261 1241 1157 38 ]
K = 41
nk = [ 0 1 2 3 4 5 6 7 8 9 10 11 12 13 14 15 16 17 18 19 20 21 22 23 24 25 26 27 28 29 30 31 32 33 34 35 36 37 38 39 ]
First = [ 0 0 0 0 0 0 0 0 0 0 0 0 0 0 0 0 0 0 0 0 0 0 0 0 0 0 0 0 0 0 0 0 0 0 0 0 0 0 0 0 ]
Last = [ 0 0 0 0 0 0 0 0 0 0 0 0 0 0 0 0 0 0 0 0 0 0 0 0 0 0 0 0 0 0 0 0 0 0 0 0 0 0 0 0 ]
nS = 14
S = [ 1 1 0 0 1 0 0 1 1 0 1 0 0 1 0 0 0 0 1 1 0 0 0 1 0 1 0 0 1 0 0 0 0 1 0 0 0 0 0 1 ]
