n = 40 ; 
T = 48 ; 
Init = [ 1 0 0 1 0 0 1 1 0 1 0 1 0 0 0 0 1 1 0 0 0 1 1 0 1 1 1 1 0 0 0 0 0 0 1 0 0 0 0 0 ]
L = [ 7 6 4 3 7 6 6 5 3 4 6 3 5 7 5 5 8 6 4 3 4 9 5 6 6 7 4 8 3 3 10 6 8 5 9 4 8 4 4 4 ]
l = [ 7 6 4 3 7 6 6 5 3 4 6 3 5 7 5 5 8 6 4 3 4 9 5 6 6 7 4 8 3 3 10 6 8 5 9 4 8 4 4 4 ]
Pmin = [ 77 59 32 29 78 72 64 51 29 36 67 29 56 68 51 51 84 66 32 30 42 93 58 67 64 80 41 84 34 31 100 73 86 47 100 32 84 43 44 44 ]
Pmax = [ 77 59 32 29 78 72 64 51 29 36 67 29 56 68 51 51 84 66 32 30 42 93 58 67 64 80 41 84 34 31 100 73 86 47 100 32 84 43 44 44 ]
cf = [ 58.9468 18.5022 26.339 16.9929 40.9153 52.0163 63.3475 39.1983 68.8498 49.603 44.071 68.589 15.2016 43.366 36.4886 65.2412 20.0774 22.4666 65.3154 57.3124 30.2959 25.068 14.2394 32.9349 66.5851 8.84497 46.4742 28.1851 57.4183 63.7522 12.3448 46.3651 12.2544 31.6839 56.358 46.1697 13.7001 49.7055 15.368 12.5499 ]
c0 = [ 210 173 95 94 201 200 183 135 89 97 191 92 151 181 141 148 234 175 104 85 133 243 172 181 182 217 125 212 105 89 250 193 219 138 250 93 221 131 122 132 ]
cp = [ 16.2876 32.4547 36.197 36.2559 25.4152 24.4576 24.0912 24.8916 35.9173 36.2677 19.3807 33.4811 30.8219 21.1499 22.986 33.0842 29.3306 33.7994 39.9263 38.8732 32.5749 13.1564 26.8612 21.7683 22.0314 23.6964 32.402 17.701 29.952 41.8136 8.46991 29.515 17.7828 35.3501 8.64085 35.07 16.6578 32.7109 29.5156 35.4126 ]
D = [ 817 1665 152 1118 689 1232 943 1168 1799 772 703 344 1434 968 1294 1309 1036 432 2085 575 203 2281 2017 396 877 1517 1831 1122 774 2137 1326 1591 1494 1477 401 2183 401 1344 1043 2200 2116 1746 236 1242 407 1530 242 1443 ]
K = 41
nk = [ 0 1 2 3 4 5 6 7 8 9 10 11 12 13 14 15 16 17 18 19 20 21 22 23 24 25 26 27 28 29 30 31 32 33 34 35 36 37 38 39 ]
First = [ 0 0 0 0 0 0 0 0 0 0 0 0 0 0 0 0 0 0 0 0 0 0 0 0 0 0 0 0 0 0 0 0 0 0 0 0 0 0 0 0 ]
Last = [ 0 0 0 0 0 0 0 0 0 0 0 0 0 0 0 0 0 0 0 0 0 0 0 0 0 0 0 0 0 0 0 0 0 0 0 0 0 0 0 0 ]
nS = 9
S = [ 1 0 0 0 0 0 1 0 0 0 0 1 0 0 0 0 1 0 0 0 0 1 0 0 0 1 1 0 0 0 0 0 1 0 1 0 0 0 0 0 ]
