n = 40 ; 
T = 48 ; 
Init = [ 0 0 1 1 0 0 0 0 0 1 0 0 1 1 0 0 1 1 1 0 0 0 1 1 1 1 0 1 1 0 0 1 1 1 0 1 0 1 1 0 ]
L = [ 8 7 9 7 3 8 4 4 4 8 8 5 6 6 6 2 4 2 9 2 9 4 5 10 5 5 4 6 7 5 8 2 5 6 7 6 9 6 3 8 ]
l = [ 8 7 9 7 3 8 4 4 4 8 8 5 6 6 6 2 4 2 9 2 9 4 5 10 5 5 4 6 7 5 8 2 5 6 7 6 9 6 3 8 ]
Pmin = [ 90 73 90 73 26 100 33 41 46 92 88 58 59 64 63 14 43 25 100 30 100 38 50 99 52 50 34 70 68 59 90 23 54 58 70 60 89 66 31 92 ]
Pmax = [ 90 73 90 73 26 100 33 41 46 92 88 58 59 64 63 14 43 25 100 30 100 38 50 99 52 50 34 70 68 59 90 23 54 58 70 60 89 66 31 92 ]
cf = [ 19.9 29.5705 21.6404 50.9679 24.2197 41.709 65.8064 28.2969 65.7384 64.477 37.1739 58.349 28.1028 24.5462 53.4344 61.3885 35.4084 65.3758 36.0263 9.7445 12.2447 7.1882 49.3624 55.5634 25.67 15.9607 57.2221 25.0662 43.5706 69.3377 26.7388 56.4706 28.9082 41.3792 37.4385 46.1279 13.0882 33.2449 67.4249 8.82654 ]
c0 = [ 228 196 243 204 81 250 112 113 123 247 226 154 163 184 168 51 116 79 250 85 250 111 148 250 147 133 95 192 187 157 238 79 156 156 189 156 247 177 90 231 ]
cp = [ 13.9673 22.6299 12.5951 27.6724 30.6136 17.7262 37.0175 36.547 29.0937 9.35703 14.4091 36.386 22.9918 26.1568 15.7752 41.7186 31.0045 38.804 9.15632 37.3014 12.5357 28.6265 32.2543 10.5252 26.8018 29.3525 39.3446 25.7032 19.5258 18.7451 11.2636 40.3634 29.8061 24.5464 29.594 22.5841 17.7161 25.2007 39.4669 16.9716 ]
D = [ 581 706 800 964 1141 1194 1362 1531 1650 1729 1851 1956 2099 1957 1778 1551 1442 1211 1447 1667 1936 1562 1302 979 679 790 980 1079 1155 1281 1427 1525 1589 1775 1862 1974 2054 1926 1763 1597 1374 1264 1437 1629 1797 1574 1223 926 ]
K = 41
nk = [ 0 1 2 3 4 5 6 7 8 9 10 11 12 13 14 15 16 17 18 19 20 21 22 23 24 25 26 27 28 29 30 31 32 33 34 35 36 37 38 39 ]
First = [ 0 0 0 0 0 0 0 0 0 0 0 0 0 0 0 0 0 0 0 0 0 0 0 0 0 0 0 0 0 0 0 0 0 0 0 0 0 0 0 0 ]
Last = [ 0 0 0 0 0 0 0 0 0 0 0 0 0 0 0 0 0 0 0 0 0 0 0 0 0 0 0 0 0 0 0 0 0 0 0 0 0 0 0 0 ]
nS = 10
S = [ 1 0 0 0 1 0 0 0 0 1 0 0 0 1 0 0 1 0 0 0 0 1 0 0 0 0 1 0 0 1 0 0 0 1 0 0 0 0 1 0 ]
