n = 40 ; 
T = 48 ; 
Init = [ 0 1 0 1 0 0 1 0 1 1 1 1 0 0 1 1 1 1 1 0 1 0 0 1 1 0 0 1 1 0 1 1 1 1 0 1 0 1 1 1 ]
L = [ 4 10 7 6 6 8 5 6 6 5 7 4 5 9 5 7 5 7 7 7 9 4 5 7 6 6 4 10 5 7 6 5 9 5 2 3 8 5 5 3 ]
l = [ 4 10 7 6 6 8 5 6 6 5 7 4 5 9 5 7 5 7 7 7 9 4 5 7 6 6 4 10 5 7 6 5 9 5 2 3 8 5 5 3 ]
Pmin = [ 40 100 78 56 65 96 47 66 63 55 87 32 63 100 42 85 49 71 79 73 99 38 44 77 60 63 40 100 52 75 63 50 95 52 26 29 76 55 53 22 ]
Pmax = [ 40 100 78 56 65 96 47 66 63 55 87 32 63 100 42 85 49 71 79 73 99 38 44 77 60 63 40 100 52 75 63 50 95 52 26 29 76 55 53 22 ]
cf = [ 8.13378 19.1048 39.523 38.0543 22.6645 29.4982 15.7916 63.3915 65.7406 8.67977 56.8019 69.4535 57.3187 29.0915 22.5936 13.7942 61.4075 68.4183 47.5019 27.4663 59.163 21.4769 28.082 51.2378 29.8487 52.2315 40.7773 25.3759 22.3443 49.9513 52.7146 23.4781 62.0561 22.2376 54.5324 14.7205 44.7358 63.3241 8.112 40.4764 ]
c0 = [ 119 250 209 153 187 250 127 177 174 153 220 90 172 250 131 228 142 194 219 206 250 119 128 199 160 172 123 250 146 209 174 131 250 139 81 98 213 154 141 73 ]
cp = [ 38.0796 9.21024 17.3072 23.8337 28.801 10.9438 34.8301 28.7029 14.936 31.4976 11.1871 35.6961 19.3212 15.4196 28.9684 14.3781 27.8908 30.4771 32.0818 20.3302 12.263 23.9366 32.9427 20.643 32.764 22.6102 26.4856 8.67452 27.144 23.8793 31.862 34.1897 12.7423 35.9374 39.0128 39.2911 16.4147 27.4198 32.7814 40.7638 ]
D = [ 762 889 930 1124 1218 1327 1472 1606 1726 1806 1907 2062 2225 2001 1853 1660 1440 1345 1457 1618 1817 1509 1260 932 604 754 902 951 1120 1241 1363 1520 1562 1697 1852 1954 2067 1967 1720 1598 1426 1265 1522 1752 1957 1611 1278 968 ]
K = 41
nk = [ 0 1 2 3 4 5 6 7 8 9 10 11 12 13 14 15 16 17 18 19 20 21 22 23 24 25 26 27 28 29 30 31 32 33 34 35 36 37 38 39 ]
First = [ 0 0 0 0 0 0 0 0 0 0 0 0 0 0 0 0 0 0 0 0 0 0 0 0 0 0 0 0 0 0 0 0 0 0 0 0 0 0 0 0 ]
Last = [ 0 0 0 0 0 0 0 0 0 0 0 0 0 0 0 0 0 0 0 0 0 0 0 0 0 0 0 0 0 0 0 0 0 0 0 0 0 0 0 0 ]
nS = 12
S = [ 1 0 0 1 0 0 1 0 1 0 0 1 0 0 0 0 1 0 0 0 1 0 0 1 0 0 0 0 0 1 1 0 0 0 0 1 1 0 0 0 ]
