n = 40 ; 
T = 48 ; 
Init = [ 0 0 0 1 0 1 1 1 0 1 1 1 1 1 1 1 1 1 0 0 1 1 0 0 0 1 0 1 1 1 1 1 1 1 0 0 1 1 1 1 ]
L = [ 5 5 6 10 5 3 8 7 8 3 3 9 7 5 3 4 4 2 7 9 7 3 4 7 10 4 3 4 5 8 10 9 3 9 8 3 5 10 8 8 ]
l = [ 5 5 6 10 5 3 8 7 8 3 3 9 7 5 3 4 4 2 7 9 7 3 4 7 10 4 3 4 5 8 10 9 3 9 8 3 5 10 8 8 ]
Pmin = [ 57 43 58 100 57 35 87 85 85 17 32 100 74 57 33 37 43 20 69 100 76 26 34 67 100 35 28 45 50 83 100 92 25 91 83 31 50 100 87 88 ]
Pmax = [ 57 43 58 100 57 35 87 85 85 17 32 100 74 57 33 37 43 20 69 100 76 26 34 67 100 35 28 45 50 83 100 92 25 91 83 31 50 100 87 88 ]
cf = [ 44.0359 43.5501 27.8544 29.1625 50.3348 69.5588 46.2158 67.0265 19.7262 28.0614 64.1515 36.7092 29.3015 13.849 10.9974 53.3445 22.8122 22.0229 17.7093 32.5386 65.3789 21.3415 51.0084 51.6009 50.1494 32.3 19.0383 31.7186 41.3053 57.6201 50.9113 15.3412 31.1702 8.76563 37.5037 11.505 8.32442 13.7195 8.53151 21.0506 ]
c0 = [ 149 116 158 250 162 101 228 218 228 61 108 250 205 149 103 106 121 63 191 250 198 74 96 184 250 97 81 128 133 226 250 237 87 238 224 94 145 250 234 227 ]
cp = [ 30.6896 27.4394 24.6622 9.05082 28.1071 38.8515 31.2565 12.0487 14.5946 35.8508 31.5099 8.9741 19.0467 27.0168 40.4988 35.4203 37.0244 41.7079 17.742 9.14175 13.8057 31.9722 27.8327 24.7586 9.16195 29.4363 35.674 33.1932 30.8032 18.6338 12.7738 9.7719 33.6785 11.7458 17.8829 31.7586 27.282 9.52481 11.5375 15.7417 ]
D = [ 631 740 847 1049 1151 1281 1435 1567 1645 1800 1930 2079 2213 1957 1815 1667 1500 1302 1403 1622 1791 1435 1232 894 648 737 882 1032 1097 1213 1334 1398 1536 1658 1768 1930 1951 1832 1750 1542 1457 1303 1536 1662 1896 1583 1215 943 ]
K = 41
nk = [ 0 1 2 3 4 5 6 7 8 9 10 11 12 13 14 15 16 17 18 19 20 21 22 23 24 25 26 27 28 29 30 31 32 33 34 35 36 37 38 39 ]
First = [ 0 0 0 0 0 0 0 0 0 0 0 0 0 0 0 0 0 0 0 0 0 0 0 0 0 0 0 0 0 0 0 0 0 0 0 0 0 0 0 0 ]
Last = [ 0 0 0 0 0 0 0 0 0 0 0 0 0 0 0 0 0 0 0 0 0 0 0 0 0 0 0 0 0 0 0 0 0 0 0 0 0 0 0 0 ]
nS = 12
S = [ 1 0 0 0 0 0 1 0 0 0 1 0 0 0 0 0 1 0 0 1 0 0 0 1 1 0 0 1 0 0 0 1 0 1 0 0 1 0 1 0 ]
