n = 40 ; 
T = 48 ; 
Init = [ 0 0 1 1 1 1 0 1 1 1 0 1 0 1 0 1 0 1 0 0 1 1 0 0 0 1 0 0 0 0 1 0 0 1 1 1 0 0 1 1 ]
L = [ 9 4 3 3 10 10 4 6 6 7 6 9 5 6 7 4 5 5 6 7 10 6 8 10 5 4 2 6 4 2 8 6 7 8 2 8 8 7 10 8 ]
l = [ 9 4 3 3 10 10 4 6 6 7 6 9 5 6 7 4 5 5 6 7 10 6 8 10 5 4 2 6 4 2 8 6 7 8 2 8 8 7 10 8 ]
Pmin = [ 91 39 27 39 100 100 50 56 59 76 58 93 49 61 83 48 47 54 65 80 100 65 87 100 57 40 19 59 37 24 85 58 77 79 15 91 75 67 100 92 ]
Pmax = [ 91 39 27 39 100 100 50 56 59 76 58 93 49 61 83 48 47 54 65 80 100 65 87 100 57 40 19 59 37 24 85 58 77 79 15 91 75 67 100 92 ]
cf = [ 59.8203 63.3309 20.9135 54.4 32.7351 32.7918 62.479 37.9414 55.2781 24.4583 27.0654 67.3597 42.1704 41.3402 49.2059 8.4986 15.0595 21.4421 42.8219 7.34489 28.1737 38.028 61.2067 69.9742 8.09751 49.6293 65.6293 64.3653 22.4582 36.881 43.6924 12.2786 30.2119 57.6059 59.6785 55.947 20.3978 52.1575 23.8884 68.6759 ]
c0 = [ 249 117 90 124 250 250 147 158 170 199 157 245 149 168 215 129 126 149 176 221 250 173 225 250 157 119 70 163 119 70 235 169 209 212 66 248 209 183 250 245 ]
cp = [ 14.5387 31.2417 37.4171 38.8006 10.0389 10.8188 23.3098 25.3233 34.9023 24.3628 20.9126 21.3706 29.0887 36.9737 26.4884 32.0141 31.6686 35.6388 28.5496 20.6481 11.5199 22.3729 12.4307 8.63772 26.109 36.2944 40.2631 30.2428 38.1249 40.64 22.507 30.6097 21.0003 19.0708 41.5751 13.3761 14.1546 23.8355 8.9977 12.7615 ]
D = [ 2586 1526 2438 1437 343 1579 1499 675 2176 376 690 448 1658 326 447 1703 2087 267 1470 124 1501 384 342 2460 2474 2517 1879 425 1780 2577 370 1765 1501 207 599 1844 1786 2098 2519 1360 2474 607 1808 1530 933 2256 631 418 ]
K = 41
nk = [ 0 1 2 3 4 5 6 7 8 9 10 11 12 13 14 15 16 17 18 19 20 21 22 23 24 25 26 27 28 29 30 31 32 33 34 35 36 37 38 39 ]
First = [ 0 0 0 0 0 0 0 0 0 0 0 0 0 0 0 0 0 0 0 0 0 0 0 0 0 0 0 0 0 0 0 0 0 0 0 0 0 0 0 0 ]
Last = [ 0 0 0 0 0 0 0 0 0 0 0 0 0 0 0 0 0 0 0 0 0 0 0 0 0 0 0 0 0 0 0 0 0 0 0 0 0 0 0 0 ]
nS = 13
S = [ 1 0 1 1 0 0 1 0 0 0 1 0 1 0 0 0 0 1 0 1 0 0 0 0 0 1 0 0 0 0 1 1 0 0 0 1 0 0 0 1 ]
