n = 40 ; 
T = 48 ; 
Init = [ 0 1 1 1 0 1 0 1 0 1 1 1 1 1 0 0 0 1 1 1 1 1 1 0 1 0 0 0 0 1 1 0 0 0 0 0 1 0 1 1 ]
L = [ 9 10 10 5 8 9 9 8 4 7 5 7 6 7 4 3 5 8 4 9 8 8 2 7 2 8 3 10 7 7 4 5 7 10 5 5 3 3 7 9 ]
l = [ 9 10 10 5 8 9 9 8 4 7 5 7 6 7 4 3 5 8 4 9 8 8 2 7 2 8 3 10 7 7 4 5 7 10 5 5 3 3 7 9 ]
Pmin = [ 94 100 100 54 86 93 100 83 42 75 53 74 70 83 36 23 54 90 47 100 83 89 20 76 20 84 23 100 70 77 37 55 81 100 58 54 27 26 79 100 ]
Pmax = [ 94 100 100 54 86 93 100 83 42 75 53 74 70 83 36 23 54 90 47 100 83 89 20 76 20 84 23 100 70 77 37 55 81 100 58 54 27 26 79 100 ]
cf = [ 13.3155 60.3754 42.216 48.4789 29.0474 52.9841 63.9245 39.8529 36.5124 55.0417 33.2748 41.333 10.6424 34.5862 25.5411 48.9105 66.3465 55.7313 26.5777 29.1043 31.8566 43.6744 50.7015 8.82341 63.5303 25.8014 47.9104 32.0438 57.1559 64.5738 29.9435 63.4714 54.9492 65.1595 41.9503 13.9966 48.1436 35.8748 46.8495 14.656 ]
c0 = [ 250 250 250 146 239 237 250 223 121 202 151 201 190 220 101 71 143 243 143 250 211 231 58 208 72 222 78 250 187 208 106 151 218 250 163 154 86 84 207 250 ]
cp = [ 15.7104 10.9023 9.1466 28.4041 19.4524 15.0641 9.24596 25.2587 31.2406 12.491 31.6388 11.3745 20.9045 19.8611 28.9503 35.6047 22.8792 17.4411 24.4908 14.3517 23.4159 24.4185 40.9706 18.1143 41.4702 18.1848 41.3214 8.30129 19.9106 23.9947 24.9406 30.9647 13.2673 8.0619 37.0069 27.413 38.8215 34.6223 16.3804 14.8636 ]
D = [ 653 789 870 1040 1125 1319 1386 1600 1697 1800 2000 2141 2282 2016 1870 1694 1477 1281 1532 1775 1981 1716 1332 1049 776 880 1013 1151 1199 1365 1451 1664 1760 1814 1988 2158 2274 2029 1888 1725 1527 1294 1570 1832 2173 1816 1409 1078 ]
K = 41
nk = [ 0 1 2 3 4 5 6 7 8 9 10 11 12 13 14 15 16 17 18 19 20 21 22 23 24 25 26 27 28 29 30 31 32 33 34 35 36 37 38 39 ]
First = [ 0 0 0 0 0 0 0 0 0 0 0 0 0 0 0 0 0 0 0 0 0 0 0 0 0 0 0 0 0 0 0 0 0 0 0 0 0 0 0 0 ]
Last = [ 0 0 0 0 0 0 0 0 0 0 0 0 0 0 0 0 0 0 0 0 0 0 0 0 0 0 0 0 0 0 0 0 0 0 0 0 0 0 0 0 ]
nS = 10
S = [ 1 0 0 0 0 0 1 0 0 1 0 0 0 0 0 1 0 0 1 0 1 0 0 1 0 0 0 1 0 0 0 0 0 1 0 0 1 0 0 0 ]
