n = 40 ; 
T = 48 ; 
Init = [ 0 0 0 0 1 0 1 0 0 0 0 1 1 0 1 0 0 1 0 1 1 1 1 0 0 1 0 1 0 1 0 1 1 1 1 0 1 0 1 0 ]
L = [ 4 9 9 8 6 6 3 7 3 4 2 6 10 7 8 7 9 10 6 8 7 5 4 6 7 6 5 5 3 6 3 6 8 2 4 4 6 2 5 8 ]
l = [ 4 9 9 8 6 6 3 7 3 4 2 6 10 7 8 7 9 10 6 8 7 5 4 6 7 6 5 5 3 6 3 6 8 2 4 4 6 2 5 8 ]
Pmin = [ 40 100 97 93 66 65 28 77 30 29 20 66 100 70 94 70 100 100 64 79 79 52 42 64 72 61 41 48 26 65 25 66 80 24 29 50 51 21 43 93 ]
Pmax = [ 40 100 97 93 66 65 28 77 30 29 20 66 100 70 94 70 100 100 64 79 79 52 42 64 72 61 41 48 26 65 25 66 80 24 29 50 51 21 43 93 ]
cf = [ 53.9425 31.9535 30.0476 26.5644 18.2139 62.0335 12.6369 40.5315 35.0086 20.0033 29.7396 50.8127 38.2606 55.5939 43.6852 48.099 26.23 26.5784 7.8618 19.8592 10.5298 56.9477 41.3353 47.9497 60.6916 38.3657 20.7784 63.9111 38.5227 19.5078 69.9314 22.4652 44.4614 29.979 42.0296 55.6753 22.0125 47.6665 26.2068 50.0211 ]
c0 = [ 115 250 249 248 190 187 78 204 83 96 68 176 250 195 247 196 250 250 166 218 204 141 121 183 187 169 125 134 93 182 87 176 215 69 100 144 135 60 135 235 ]
cp = [ 29.2573 9.12191 14.3736 23.694 33.0209 25.5612 39.4909 21.8772 40.9942 30.8079 39.8453 27.3759 8.92391 17.6338 17.885 20.147 17.3401 9.43371 29.2603 22.8778 18.0009 26.9539 33.9499 20.0919 17.9014 13.6045 39.3905 32.435 38.7081 18.0638 36.9705 24.4732 16.7281 41.2021 35.269 25.5618 31.2984 35.4273 30.7245 17.5509 ]
D = [ 2062 1611 916 842 1058 2325 1 1797 657 34 2291 792 1953 1189 2365 1595 2394 475 1361 1185 955 1359 1779 2394 2241 705 1844 398 2267 162 2051 1909 1773 546 331 411 451 332 2207 1108 366 2078 1900 2319 847 1845 1494 822 ]
K = 41
nk = [ 0 1 2 3 4 5 6 7 8 9 10 11 12 13 14 15 16 17 18 19 20 21 22 23 24 25 26 27 28 29 30 31 32 33 34 35 36 37 38 39 ]
First = [ 0 0 0 0 0 0 0 0 0 0 0 0 0 0 0 0 0 0 0 0 0 0 0 0 0 0 0 0 0 0 0 0 0 0 0 0 0 0 0 0 ]
Last = [ 0 0 0 0 0 0 0 0 0 0 0 0 0 0 0 0 0 0 0 0 0 0 0 0 0 0 0 0 0 0 0 0 0 0 0 0 0 0 0 0 ]
nS = 10
S = [ 1 0 0 0 1 0 0 0 1 0 0 0 0 0 1 0 0 1 0 0 0 0 1 0 0 0 0 1 0 1 0 1 0 0 0 1 0 0 0 0 ]
