n = 40 ; 
T = 48 ; 
Init = [ 1 0 1 1 0 1 0 0 1 1 0 0 0 0 1 0 0 1 1 0 1 1 1 0 1 1 0 0 1 0 0 1 0 1 0 0 0 0 1 0 ]
L = [ 6 9 4 6 5 8 6 8 2 6 5 6 6 4 4 8 7 5 9 9 9 3 5 10 9 7 3 7 5 8 9 10 7 4 7 9 3 7 5 2 ]
l = [ 6 9 4 6 5 8 6 8 2 6 5 6 6 4 4 8 7 5 9 9 9 3 5 10 9 7 3 7 5 8 9 10 7 4 7 9 3 7 5 2 ]
Pmin = [ 66 95 39 68 50 82 70 81 12 55 55 68 62 48 41 85 80 59 92 100 94 26 62 100 98 64 25 70 51 82 97 100 77 34 73 98 28 77 50 17 ]
Pmax = [ 66 95 39 68 50 82 70 81 12 55 55 68 62 48 41 85 80 59 92 100 94 26 62 100 98 64 25 70 51 82 97 100 77 34 73 98 28 77 50 17 ]
cf = [ 50.0405 32.488 40.0456 49.5394 9.58099 65.689 68.1871 61.0753 37.1965 36.5079 15.1801 19.3467 17.5841 35.5535 37.5707 67.391 31.4603 46.621 26.704 60.0654 48.7341 31.5336 60.8069 31.7996 66.2045 66.6614 42.2321 44.4713 33.6909 67.6662 18.2196 13.7314 30.1542 51.2652 56.2709 32.7352 46.9541 54.4579 23.8105 14.1507 ]
c0 = [ 182 250 114 176 141 210 187 209 60 146 142 193 182 140 118 220 220 164 241 250 250 88 165 250 250 185 74 185 144 208 244 250 211 105 187 250 93 204 140 65 ]
cp = [ 29.0736 15.445 31.5068 20.8038 36.5655 14.8345 22.5256 17.9719 41.0325 18.2386 27.738 24.2544 30.7428 29.8017 35.0893 9.44319 21.0873 21.4189 18.9918 10.4966 9.6266 39.8298 14.1988 9.76659 16.3104 29.2689 38.2654 25.2824 28.5683 21.5767 12.3832 9.99239 25.8827 35.5413 34.6303 18.1439 37.6332 16.1228 32.17 40.5483 ]
D = [ 616 704 827 982 1142 1217 1352 1484 1712 1799 1988 2112 2159 2035 1824 1610 1509 1290 1541 1806 2033 1730 1294 1019 614 720 857 1054 1149 1305 1421 1560 1718 1830 1957 2066 2232 2023 1824 1618 1485 1254 1555 1705 2002 1619 1258 922 ]
K = 41
nk = [ 0 1 2 3 4 5 6 7 8 9 10 11 12 13 14 15 16 17 18 19 20 21 22 23 24 25 26 27 28 29 30 31 32 33 34 35 36 37 38 39 ]
First = [ 0 0 0 0 0 0 0 0 0 0 0 0 0 0 0 0 0 0 0 0 0 0 0 0 0 0 0 0 0 0 0 0 0 0 0 0 0 0 0 0 ]
Last = [ 0 0 0 0 0 0 0 0 0 0 0 0 0 0 0 0 0 0 0 0 0 0 0 0 0 0 0 0 0 0 0 0 0 0 0 0 0 0 0 0 ]
nS = 12
S = [ 1 0 0 1 0 0 0 0 1 0 0 1 1 0 1 0 0 0 0 0 1 0 0 0 0 1 0 0 0 0 1 0 0 0 1 0 0 1 1 0 ]
