n = 40 ; 
T = 48 ; 
Init = [ 1 0 0 0 1 0 0 1 1 1 1 0 0 1 1 1 1 1 1 0 0 1 0 1 1 1 1 1 0 0 0 1 0 1 1 0 1 0 1 0 ]
L = [ 9 5 9 9 5 10 3 10 8 9 9 2 7 5 9 7 5 6 8 2 4 9 4 8 9 4 10 7 6 5 8 2 8 6 9 6 8 8 4 7 ]
l = [ 9 5 9 9 5 10 3 10 8 9 9 2 7 5 9 7 5 6 8 2 4 9 4 8 9 4 10 7 6 5 8 2 8 6 9 6 8 8 4 7 ]
Pmin = [ 100 51 96 100 60 100 29 100 88 100 97 24 69 47 100 77 49 62 83 17 44 98 36 86 99 47 99 76 63 50 88 23 78 72 96 68 84 92 35 80 ]
Pmax = [ 100 51 96 100 60 100 29 100 88 100 97 24 69 47 100 77 49 62 83 17 44 98 36 86 99 47 99 76 63 50 88 23 78 72 96 68 84 92 35 80 ]
cf = [ 64.2008 49.6919 29.2615 19.3478 17.6138 38.914 62.6539 8.06261 10.7433 15.6831 50.3045 19.0372 54.081 17.1792 31.644 23.0099 18.1953 46.9544 10.8261 12.6947 45.6507 21.7481 62.301 20.7843 42.1134 43.451 8.53715 50.2265 14.7298 38.1404 29.1348 8.93069 17.8323 51.3963 21.2784 28.4461 20.3103 13.9324 29.5087 24.0535 ]
c0 = [ 250 147 245 250 159 250 98 250 234 250 248 83 183 134 250 210 148 172 215 66 119 250 109 222 250 124 250 210 182 152 225 84 212 190 250 191 215 244 106 218 ]
cp = [ 12.3461 35.3811 10.3235 8.56934 28.7999 10.9164 38.4998 9.23022 15.6651 9.71905 16.1971 39.0728 28.5453 36.6431 14.9109 31.0656 29.3007 22.292 19.2104 38.1007 39.5581 12.1561 39.39 18.7459 9.14747 30.9141 10.5341 26.3566 29.6166 37.501 16.4202 41.8544 18.161 26.9379 16.848 16.618 20.7359 18.6946 35.5221 22.7204 ]
D = [ 710 128 1322 2849 590 2442 714 1099 1395 888 1358 288 1558 1008 915 291 2665 984 2255 153 2400 398 241 29 2415 890 1003 157 1205 2026 932 1914 2154 2254 1900 2745 1833 2614 981 365 639 2339 653 2197 484 1568 2487 285 ]
K = 41
nk = [ 0 1 2 3 4 5 6 7 8 9 10 11 12 13 14 15 16 17 18 19 20 21 22 23 24 25 26 27 28 29 30 31 32 33 34 35 36 37 38 39 ]
First = [ 0 0 0 0 0 0 0 0 0 0 0 0 0 0 0 0 0 0 0 0 0 0 0 0 0 0 0 0 0 0 0 0 0 0 0 0 0 0 0 0 ]
Last = [ 0 0 0 0 0 0 0 0 0 0 0 0 0 0 0 0 0 0 0 0 0 0 0 0 0 0 0 0 0 0 0 0 0 0 0 0 0 0 0 0 ]
nS = 14
S = [ 1 1 0 0 0 0 1 0 1 0 1 0 0 0 0 0 1 1 1 0 0 1 0 0 0 0 1 0 0 1 1 0 1 0 0 0 0 0 1 0 ]
