n = 40 ; 
T = 48 ; 
Init = [ 0 1 0 0 0 0 1 0 1 0 0 1 1 0 0 0 1 0 0 0 0 1 1 1 0 1 0 1 0 0 0 0 1 0 1 1 0 0 0 1 ]
L = [ 7 10 5 3 6 8 3 7 2 3 7 6 2 3 3 6 9 6 8 7 8 9 5 6 5 3 9 9 4 9 9 3 2 7 3 10 4 6 9 4 ]
l = [ 7 10 5 3 6 8 3 7 2 3 7 6 2 3 3 6 9 6 8 7 8 9 5 6 5 3 9 9 4 9 9 3 2 7 3 10 4 6 9 4 ]
Pmin = [ 74 100 45 31 63 86 29 86 16 28 78 65 31 40 33 65 92 71 93 72 94 97 57 62 43 22 97 90 44 93 94 25 20 68 33 100 36 71 91 45 ]
Pmax = [ 74 100 45 31 63 86 29 86 16 28 78 65 31 40 33 65 92 71 93 72 94 97 57 62 43 22 97 90 44 93 94 25 20 68 33 100 36 71 91 45 ]
cf = [ 44.5976 21.9234 33.7372 28.5948 24.1941 15.5965 12.834 36.7562 26.2469 16.5897 34.5864 44.0125 21.0994 25.9721 49.8121 37.9272 15.9013 15.4177 12.5971 57.1725 56.3387 8.29791 10.0143 36.6749 11.285 57.2135 7.19631 15.439 68.7395 32.0421 46.949 43.3371 46.9655 10.6862 64.9319 64.1595 19.2827 7.76588 30.9157 38.5296 ]
c0 = [ 201 250 122 96 179 217 90 235 59 87 217 187 100 106 106 183 236 183 235 204 241 244 166 161 119 81 250 239 131 246 250 77 75 174 107 250 99 186 238 131 ]
cp = [ 27.2538 9.03207 38.8113 31.9775 29.81 16.4104 32.1867 22.1591 40.6415 20.074 24.0162 22.9684 35.0734 39.0917 36.5433 26.9198 10.0877 18.3793 15.6497 22.6561 10.5951 10.8506 36.925 28.3985 20.2504 39.6538 15.9698 18.4366 34.1092 13.5676 8.885 36.7645 40.0316 23.9596 39.9712 8.35583 37.777 16.7531 14.8817 29.0999 ]
D = [ 563 703 770 962 1098 1136 1327 1486 1526 1660 1779 1991 2046 1891 1801 1610 1478 1283 1416 1644 1753 1414 1100 819 562 637 768 935 1048 1143 1316 1439 1496 1700 1834 1897 2090 1919 1718 1527 1424 1290 1503 1643 1860 1607 1263 918 ]
K = 41
nk = [ 0 1 2 3 4 5 6 7 8 9 10 11 12 13 14 15 16 17 18 19 20 21 22 23 24 25 26 27 28 29 30 31 32 33 34 35 36 37 38 39 ]
First = [ 0 0 0 0 0 0 0 0 0 0 0 0 0 0 0 0 0 0 0 0 0 0 0 0 0 0 0 0 0 0 0 0 0 0 0 0 0 0 0 0 ]
Last = [ 0 0 0 0 0 0 0 0 0 0 0 0 0 0 0 0 0 0 0 0 0 0 0 0 0 0 0 0 0 0 0 0 0 0 0 0 0 0 0 0 ]
nS = 9
S = [ 1 0 0 0 0 0 1 0 0 0 1 0 1 0 0 0 0 1 0 0 0 1 0 0 0 0 1 0 0 0 0 1 0 0 1 0 0 0 0 0 ]
