n = 40 ; 
T = 48 ; 
Init = [ 0 1 0 0 0 0 1 1 0 1 1 0 1 1 0 0 1 1 1 0 0 0 1 1 0 1 0 1 0 1 0 1 0 0 1 1 1 1 0 1 ]
L = [ 5 3 4 6 8 3 2 9 5 8 10 6 8 4 4 8 9 8 3 4 9 5 6 7 6 7 3 4 5 5 6 4 9 3 8 6 6 4 3 9 ]
l = [ 5 3 4 6 8 3 2 9 5 8 10 6 8 4 4 8 9 8 3 4 9 5 6 7 6 7 3 4 5 5 6 4 9 3 8 6 6 4 3 9 ]
Pmin = [ 54 34 34 66 80 27 15 98 54 76 100 63 95 40 47 88 100 90 31 44 100 57 57 63 68 73 24 48 54 50 66 46 100 30 91 61 64 41 35 100 ]
Pmax = [ 54 34 34 66 80 27 15 98 54 76 100 63 95 40 47 88 100 90 31 44 100 57 57 63 68 73 24 48 54 50 66 46 100 30 91 61 64 41 35 100 ]
cf = [ 40.0256 18.1185 63.0131 42.8137 20.3976 53.5304 24.5687 25.7074 61.8506 62.6216 14.6521 66.8608 16.0108 34.75 65.7798 15.2221 46.3844 11.6325 53.2987 68.8597 7.12373 50.833 52.6633 12.0224 52.839 59.8383 68.6542 46.9759 11.2778 46.6478 58.4283 44.3034 57.7663 51.4414 17.117 8.16382 34.9719 34.6858 26.8712 26.8225 ]
c0 = [ 148 95 95 177 220 96 50 250 145 200 250 178 240 108 142 237 250 228 98 134 250 153 155 184 195 190 72 139 149 152 190 138 250 83 232 176 183 113 109 250 ]
cp = [ 32.1981 39.6898 35.3018 16.1937 27.1445 38.2513 36.5549 13.0948 29.9019 16.7259 8.203 25.0122 13.2913 24.4321 28.0347 19.0254 12.1024 9.84658 35.843 38.9846 19.1659 20.9052 23.3791 27.5023 22.2638 21.6177 38.1844 30.3195 31.5556 29.5257 21.0118 15.0226 16.8194 41.7296 21.9361 21.0168 34.9854 30.5732 32.9878 14.8195 ]
D = [ 542 708 825 928 1060 1201 1307 1409 1553 1693 1859 1915 2069 1902 1703 1613 1366 1243 1488 1742 1977 1623 1235 885 518 678 779 963 1114 1193 1284 1450 1606 1673 1857 1928 2134 1950 1751 1565 1453 1239 1479 1721 1914 1609 1287 1012 ]
K = 41
nk = [ 0 1 2 3 4 5 6 7 8 9 10 11 12 13 14 15 16 17 18 19 20 21 22 23 24 25 26 27 28 29 30 31 32 33 34 35 36 37 38 39 ]
First = [ 0 0 0 0 0 0 0 0 0 0 0 0 0 0 0 0 0 0 0 0 0 0 0 0 0 0 0 0 0 0 0 0 0 0 0 0 0 0 0 0 ]
Last = [ 0 0 0 0 0 0 0 0 0 0 0 0 0 0 0 0 0 0 0 0 0 0 0 0 0 0 0 0 0 0 0 0 0 0 0 0 0 0 0 0 ]
nS = 14
S = [ 1 0 1 0 0 0 1 1 0 1 0 1 0 0 0 0 0 1 0 1 0 0 0 0 0 1 1 1 0 1 0 0 0 1 0 0 0 0 0 1 ]
