n = 40 ; 
T = 48 ; 
Init = [ 0 1 1 0 0 0 1 1 1 1 0 1 1 1 1 0 1 0 1 0 0 0 1 1 1 0 0 1 0 0 0 0 1 1 0 0 0 1 1 1 ]
L = [ 8 8 4 8 9 3 9 6 6 2 5 6 6 9 7 9 2 4 9 3 7 7 7 6 8 3 6 2 2 9 8 6 6 3 5 3 7 4 2 5 ]
l = [ 8 8 4 8 9 3 9 6 6 2 5 6 6 9 7 9 2 4 9 3 7 7 7 6 8 3 6 2 2 9 8 6 6 3 5 3 7 4 2 5 ]
Pmin = [ 80 82 45 88 100 30 99 68 63 24 45 61 68 91 72 94 17 44 100 18 68 76 74 64 89 20 68 27 25 100 90 65 57 24 48 31 75 40 21 48 ]
Pmax = [ 80 82 45 88 100 30 99 68 63 24 45 61 68 91 72 94 17 44 100 18 68 76 74 64 89 20 68 27 25 100 90 65 57 24 48 31 75 40 21 48 ]
cf = [ 12.9647 56.3071 39.676 55.9555 57.099 29.1665 63.87 15.0047 19.0874 53.6246 30.7984 36.9569 14.3871 58.1739 56.6784 57.1509 65.1138 63.5643 57.8556 30.7263 55.9011 12.4722 53.2814 40.3955 54.8434 65.4507 44.2214 30.8418 13.3939 32.1074 32.2241 19.3586 18.4145 64.9001 68.3141 68.5135 24.0666 62.1841 13.5182 36.1539 ]
c0 = [ 221 227 128 241 250 103 250 191 171 89 141 167 189 228 201 239 59 135 250 60 179 202 198 171 238 61 175 75 80 250 232 174 164 83 129 85 204 111 78 126 ]
cp = [ 13.3595 14.4612 27.5973 15.2257 8.30328 29.2367 11.8579 19.388 22.4509 35.2441 30.6289 27.3912 16.7421 9.90508 12.5176 9.74133 40.0922 32.444 17.5044 38.9544 30.0492 14.2628 18.5781 23.1736 15.4438 38.6931 26.334 40.3914 41.8774 9.98185 12.1206 17.2864 26.6401 38.1441 29.6526 39.0051 24.8319 28.2171 41.1816 34.1269 ]
D = [ 649 753 845 1006 1101 1248 1352 1476 1589 1770 1820 1949 2097 1921 1722 1596 1421 1202 1343 1602 1752 1448 1194 957 729 863 913 1027 1131 1316 1403 1531 1602 1691 1810 1938 2052 1891 1758 1588 1408 1233 1438 1590 1839 1492 1175 850 ]
K = 41
nk = [ 0 1 2 3 4 5 6 7 8 9 10 11 12 13 14 15 16 17 18 19 20 21 22 23 24 25 26 27 28 29 30 31 32 33 34 35 36 37 38 39 ]
First = [ 0 0 0 0 0 0 0 0 0 0 0 0 0 0 0 0 0 0 0 0 0 0 0 0 0 0 0 0 0 0 0 0 0 0 0 0 0 0 0 0 ]
Last = [ 0 0 0 0 0 0 0 0 0 0 0 0 0 0 0 0 0 0 0 0 0 0 0 0 0 0 0 0 0 0 0 0 0 0 0 0 0 0 0 0 ]
nS = 10
S = [ 1 0 1 0 0 0 1 0 0 0 0 0 1 0 1 0 0 0 0 1 0 0 0 1 0 0 0 1 0 0 0 0 1 0 0 0 1 0 0 0 ]
