n = 40 ; 
T = 48 ; 
Init = [ 0 0 1 1 1 1 0 0 1 0 1 0 1 1 1 1 0 1 0 1 0 0 1 1 1 0 1 1 1 0 1 1 0 0 0 0 1 0 0 0 ]
L = [ 3 8 6 4 8 5 5 10 2 7 4 6 6 3 8 4 8 8 4 3 8 8 6 10 9 8 3 6 9 10 3 7 3 8 6 3 8 7 5 8 ]
l = [ 3 8 6 4 8 5 5 10 2 7 4 6 6 3 8 4 8 8 4 3 8 8 6 10 9 8 3 6 9 10 3 7 3 8 6 3 8 7 5 8 ]
Pmin = [ 30 94 58 39 82 51 59 100 19 77 51 50 73 32 93 47 90 87 35 39 83 83 62 100 100 82 34 58 92 100 27 79 24 90 66 26 87 80 57 94 ]
Pmax = [ 30 94 58 39 82 51 59 100 19 77 51 50 73 32 93 47 90 87 35 39 83 83 62 100 100 82 34 58 92 100 27 79 24 90 66 26 87 80 57 94 ]
cf = [ 57.1943 21.3417 27.4248 41.032 30.26 13.4702 9.44137 68.784 67.1776 54.5824 36.3583 51.4377 31.3934 48.2914 60.787 51.3041 69.9896 33.8055 9.41645 27.9694 35.1298 11.0633 14.6056 63.4062 57.989 23.5127 12.8849 66.4046 47.2351 61.1294 13.1522 34.4294 12.4712 33.577 68.4614 35.7312 40.0472 7.90274 34.5151 37.2247 ]
c0 = [ 92 244 166 112 222 140 158 250 56 204 142 135 201 91 250 134 239 239 109 114 226 223 163 250 250 215 104 158 238 250 76 217 78 242 172 77 221 211 164 239 ]
cp = [ 40.4553 23.6897 31.4754 34.1832 27.8238 31.7878 28.4592 8.13652 40.5905 22.6108 32.1124 25.6149 21.0286 36.4377 14.6887 23.8729 12.3336 15.9798 28.3176 28.6856 16.0884 17.8787 27.299 8.46453 15.082 12.9422 39.545 21.7749 16.7903 8.95612 38.3987 18.1652 35.952 16.265 25.6447 35.9016 10.6713 16.4216 20.4421 18.2229 ]
D = [ 2024 2374 487 412 1468 102 2262 1468 1221 2363 2343 2396 2532 30 2120 2031 720 2366 1881 2399 1996 2138 915 2224 617 850 793 1997 888 1942 629 282 1686 1115 694 524 1218 326 1992 2439 59 1705 2205 2592 1735 1695 1993 2455 ]
K = 41
nk = [ 0 1 2 3 4 5 6 7 8 9 10 11 12 13 14 15 16 17 18 19 20 21 22 23 24 25 26 27 28 29 30 31 32 33 34 35 36 37 38 39 ]
First = [ 0 0 0 0 0 0 0 0 0 0 0 0 0 0 0 0 0 0 0 0 0 0 0 0 0 0 0 0 0 0 0 0 0 0 0 0 0 0 0 0 ]
Last = [ 0 0 0 0 0 0 0 0 0 0 0 0 0 0 0 0 0 0 0 0 0 0 0 0 0 0 0 0 0 0 0 0 0 0 0 0 0 0 0 0 ]
nS = 9
S = [ 1 0 0 0 0 0 1 0 0 0 0 0 1 0 0 0 1 0 1 0 0 0 0 0 1 0 0 1 1 0 0 0 0 0 1 0 0 0 0 0 ]
