n = 40 ; 
T = 48 ; 
Init = [ 1 1 0 1 1 1 0 0 0 0 1 0 1 0 1 0 1 1 0 0 1 1 1 1 0 1 1 0 0 1 1 1 0 1 0 1 0 0 1 0 ]
L = [ 7 10 5 10 5 2 2 5 9 3 4 9 8 8 8 8 4 10 3 2 9 10 8 9 7 5 9 3 7 10 7 9 6 5 8 5 6 7 7 6 ]
l = [ 7 10 5 10 5 2 2 5 9 3 4 9 8 8 8 8 4 10 3 2 9 10 8 9 7 5 9 3 7 10 7 9 6 5 8 5 6 7 7 6 ]
Pmin = [ 70 98 49 98 52 22 17 57 91 27 35 100 89 78 86 93 43 100 19 20 96 100 82 100 73 48 100 37 78 100 76 100 60 53 95 54 64 82 81 61 ]
Pmax = [ 70 98 49 98 52 22 17 57 91 27 35 100 89 78 86 93 43 100 19 20 96 100 82 100 73 48 100 37 78 100 76 100 60 53 95 54 64 82 81 61 ]
cf = [ 13.4647 17.4496 11.3052 39.0486 26.5557 53.4664 12.551 47.0993 26.8335 42.9566 67.1529 31.1252 68.2389 43.8258 8.35099 59.8084 45.5608 33.1869 17.0854 14.4443 25.4592 35.5355 26.1985 12.6777 49.3684 21.4096 10.7675 46.3513 42.4324 28.2274 48.6947 48.8971 38.677 53 17.9458 58.2327 36.4664 23.4967 35.332 56.2999 ]
c0 = [ 194 250 148 250 140 79 62 153 231 92 115 250 232 201 231 246 120 250 68 66 243 250 220 250 206 127 250 106 209 250 199 250 173 143 250 160 185 215 211 159 ]
cp = [ 19.9948 8.57337 34.515 9.92871 29.0486 39.1578 41.8394 18.8665 17.3166 34.4643 28.1016 13.3015 15.5063 28.4467 21.8843 13.4342 34.9768 10.0078 38.5526 41.5284 13.5552 16.8233 16.133 11.3763 17.851 23.4723 8.34458 34.9826 24.9804 11.7116 20.7748 14.7936 18.1072 35.8427 23.4565 31.5671 25.7583 15.7447 11.1379 14.8986 ]
D = [ 2318 1126 461 2240 2754 520 1790 1674 1678 2235 2003 2493 712 67 2744 2585 704 127 1540 2269 1065 598 1337 2465 2631 1821 1945 1149 2550 413 544 2084 1539 1004 1540 1508 1525 545 398 418 2781 2400 128 709 2467 88 510 387 ]
K = 41
nk = [ 0 1 2 3 4 5 6 7 8 9 10 11 12 13 14 15 16 17 18 19 20 21 22 23 24 25 26 27 28 29 30 31 32 33 34 35 36 37 38 39 ]
First = [ 0 0 0 0 0 0 0 0 0 0 0 0 0 0 0 0 0 0 0 0 0 0 0 0 0 0 0 0 0 0 0 0 0 0 0 0 0 0 0 0 ]
Last = [ 0 0 0 0 0 0 0 0 0 0 0 0 0 0 0 0 0 0 0 0 0 0 0 0 0 0 0 0 0 0 0 0 0 0 0 0 0 0 0 0 ]
nS = 11
S = [ 1 0 0 0 0 1 0 0 0 0 1 0 0 0 0 0 1 1 0 0 0 0 0 1 0 0 1 0 0 1 0 0 1 0 1 0 0 1 0 0 ]
