n = 40 ; 
T = 48 ; 
Init = [ 0 0 0 1 1 0 0 1 0 1 1 1 1 1 1 0 1 0 1 1 0 0 0 1 1 1 0 0 0 0 1 1 1 1 0 0 1 0 1 0 ]
L = [ 3 8 2 4 8 4 3 9 7 5 6 5 2 4 7 10 8 5 3 8 4 9 7 5 5 3 3 6 2 9 3 7 9 4 9 8 9 4 7 2 ]
l = [ 3 8 2 4 8 4 3 9 7 5 6 5 2 4 7 10 8 5 3 8 4 9 7 5 5 3 3 6 2 9 3 7 9 4 9 8 9 4 7 2 ]
Pmin = [ 29 95 21 46 82 45 22 93 71 59 61 57 20 49 88 100 83 51 23 80 48 99 72 54 44 31 27 60 15 97 30 64 99 43 98 85 93 40 75 22 ]
Pmax = [ 29 95 21 46 82 45 22 93 71 59 61 57 20 49 88 100 83 51 23 80 48 99 72 54 44 31 27 60 15 97 30 64 99 43 98 85 93 40 75 22 ]
cf = [ 30.9194 43.8061 24.4088 34.4841 48.3924 55.316 7.75255 37.5607 27.9105 41.6909 28.0491 32.0225 58.6841 19.2713 47.5299 41.3996 47.1333 21.7904 27.9574 61.6367 33.1242 62.6539 58.2666 34.5791 42.8107 47.0494 17.436 28.1689 43.3218 19.419 64.842 67.2412 56.2251 19.2509 31.7253 34.6174 67.5669 32.4778 65.1781 25.4774 ]
c0 = [ 96 250 65 141 222 121 67 240 198 162 168 162 60 130 232 250 229 146 79 222 127 250 202 145 132 94 88 172 53 248 95 184 249 129 250 231 250 126 190 77 ]
cp = [ 37.4931 15.9734 41.87 33.4439 14.5565 32.1722 38.2853 12.7367 25.1273 28.4719 17.5942 18.6233 39.9322 28.6944 24.1299 13.075 19.3681 26.2852 34.7698 12.0296 29.2566 9.321 28.0638 31.2698 27.7774 34.3827 32.1554 27.9916 41.3167 14.0794 38.264 31.0336 8.95902 38.4622 11.2729 12.6125 13.9016 35.5406 21.8001 41.9268 ]
D = [ 2264 611 1637 1839 1073 791 762 212 1348 1551 2268 2331 1274 1827 998 251 963 1391 1048 2330 1858 854 2226 1340 1315 786 8 1223 1744 2198 1919 1638 438 1185 1105 1510 1976 1868 1722 953 1048 1619 914 2322 1075 1912 202 2038 ]
K = 41
nk = [ 0 1 2 3 4 5 6 7 8 9 10 11 12 13 14 15 16 17 18 19 20 21 22 23 24 25 26 27 28 29 30 31 32 33 34 35 36 37 38 39 ]
First = [ 0 0 0 0 0 0 0 0 0 0 0 0 0 0 0 0 0 0 0 0 0 0 0 0 0 0 0 0 0 0 0 0 0 0 0 0 0 0 0 0 ]
Last = [ 0 0 0 0 0 0 0 0 0 0 0 0 0 0 0 0 0 0 0 0 0 0 0 0 0 0 0 0 0 0 0 0 0 0 0 0 0 0 0 0 ]
nS = 12
S = [ 1 0 0 0 0 1 0 0 1 0 0 1 0 1 0 0 1 0 1 0 0 0 0 0 1 0 0 0 0 0 1 0 0 0 1 0 1 1 0 0 ]
