n = 40 ; 
T = 48 ; 
Init = [ 0 1 1 0 1 1 0 1 1 1 0 0 1 0 0 1 0 1 1 1 0 0 0 0 0 0 1 1 1 1 0 0 0 0 0 1 1 0 0 0 ]
L = [ 2 7 9 9 5 9 7 4 3 5 4 7 4 5 10 7 3 9 8 2 7 7 7 7 4 4 9 3 4 5 8 8 9 9 7 3 3 5 4 3 ]
l = [ 2 7 9 9 5 9 7 4 3 5 4 7 4 5 10 7 3 9 8 2 7 7 7 7 4 4 9 3 4 5 8 8 9 9 7 3 3 5 4 3 ]
Pmin = [ 22 79 97 100 55 100 72 47 21 46 41 81 40 57 100 74 31 100 83 17 77 86 77 66 38 43 96 29 38 54 87 90 100 99 72 30 28 56 44 33 ]
Pmax = [ 22 79 97 100 55 100 72 47 21 46 41 81 40 57 100 74 31 100 83 17 77 86 77 66 38 43 96 29 38 54 87 90 100 99 72 30 28 56 44 33 ]
cf = [ 46.2663 58.5978 13.0941 32.633 25.2927 8.61736 33.3424 52.9056 40.8774 55.0846 51.6281 27.5865 64.0099 14.4687 63.1073 22.2377 51.6125 20.7097 13.6519 44.0579 14.3197 43.5113 7.81387 68.5725 10.5833 14.2233 50.53 11.1816 51.6285 24.3449 48.5951 27.8948 12.9427 54.6892 53.5278 31.2354 56.3065 16.8702 14.1409 27.184 ]
c0 = [ 75 222 243 250 162 250 193 142 73 121 115 215 123 157 250 188 94 250 216 74 212 220 205 182 110 127 248 99 122 160 229 234 250 250 186 99 78 158 130 103 ]
cp = [ 38.2573 20.4392 10.6906 15.5534 28.7468 13.795 20.3929 37.1064 38.7719 27.0236 38.5198 16.9706 35.767 20.2793 11.2589 12.876 39.3521 12.1331 11.849 41.7893 19.9822 16.703 19.8763 28.1886 30.9268 32.6968 20.9431 40.2998 32.7271 27.789 13.0336 21.4094 10.9897 11.7085 18.1002 38.2745 36.6529 22.8685 34.5707 28.6897 ]
D = [ 2305 2059 1622 2067 2356 1348 167 1625 1893 432 593 2184 1884 625 2127 2027 913 1353 2193 182 2043 1342 1013 2279 733 358 737 188 750 1021 991 550 574 106 111 425 1454 278 2050 841 710 137 519 88 762 140 2114 1675 ]
K = 41
nk = [ 0 1 2 3 4 5 6 7 8 9 10 11 12 13 14 15 16 17 18 19 20 21 22 23 24 25 26 27 28 29 30 31 32 33 34 35 36 37 38 39 ]
First = [ 0 0 0 0 0 0 0 0 0 0 0 0 0 0 0 0 0 0 0 0 0 0 0 0 0 0 0 0 0 0 0 0 0 0 0 0 0 0 0 0 ]
Last = [ 0 0 0 0 0 0 0 0 0 0 0 0 0 0 0 0 0 0 0 0 0 0 0 0 0 0 0 0 0 0 0 0 0 0 0 0 0 0 0 0 ]
nS = 12
S = [ 1 0 0 0 1 0 1 0 1 0 1 0 0 0 0 0 1 0 0 1 0 0 1 0 0 0 1 0 0 1 0 1 0 0 0 0 1 0 0 0 ]
