n = 40 ; 
T = 48 ; 
Init = [ 1 1 1 0 0 0 1 1 1 0 0 0 0 1 1 0 0 0 1 0 1 0 1 1 0 0 1 1 1 1 0 0 0 1 1 1 1 0 0 1 ]
L = [ 2 9 6 7 9 10 7 6 9 9 4 3 9 4 3 5 5 6 3 4 8 9 5 5 4 3 6 4 6 5 2 7 5 8 3 9 9 5 5 4 ]
l = [ 2 9 6 7 9 10 7 6 9 9 4 3 9 4 3 5 5 6 3 4 8 9 5 5 4 3 6 4 6 5 2 7 5 8 3 9 9 5 5 4 ]
Pmin = [ 17 90 50 76 100 100 79 68 98 95 44 19 100 48 35 52 56 59 30 49 87 90 53 52 43 26 72 42 60 58 20 67 44 87 39 97 98 51 43 44 ]
Pmax = [ 17 90 50 76 100 100 79 68 98 95 44 19 100 48 35 52 56 59 30 49 87 90 53 52 43 26 72 42 60 58 20 67 44 87 39 97 98 51 43 44 ]
cf = [ 67.2687 34.0131 52.0774 56.0084 58.1865 30.6386 17.8591 54.778 47.4448 15.1132 60.1957 55.3189 43.9127 27.7672 8.80403 42.5171 54.2901 31.1203 7.42514 68.2274 53.6001 19.859 47.1718 59.449 35.5168 51.762 25.4908 65.2494 64.1438 68.4498 49.579 61.4126 32.4629 31.6564 47.421 20.6495 55.295 58.2801 68.4275 32.7398 ]
c0 = [ 62 243 132 201 250 250 202 179 250 250 132 77 250 135 110 144 166 157 104 129 221 237 147 142 135 81 191 122 159 157 62 186 119 225 106 250 250 138 128 133 ]
cp = [ 41.2471 13.7014 29.4668 21.1682 10.7491 8.80064 33.8473 26.6189 11.4853 16.9476 23.6227 39.0512 14.6579 34.7239 30.6511 34.0438 25.5037 19.893 33.738 37.1156 18.3607 13.693 28.9247 29.6121 38.3506 34.3096 16.3479 36.5219 18.6253 22.6219 36.2954 25.0273 26.4655 12.179 34.9912 17.4158 12.7105 36.8012 19.585 29.8045 ]
D = [ 2298 1998 428 1289 363 498 225 2193 1431 242 2125 797 739 1241 388 1843 536 1104 1659 309 1044 869 2415 2029 1823 1541 119 1254 1087 59 2250 948 2056 240 2237 2420 738 24 2175 2169 266 1862 527 1005 665 916 410 1201 ]
K = 41
nk = [ 0 1 2 3 4 5 6 7 8 9 10 11 12 13 14 15 16 17 18 19 20 21 22 23 24 25 26 27 28 29 30 31 32 33 34 35 36 37 38 39 ]
First = [ 0 0 0 0 0 0 0 0 0 0 0 0 0 0 0 0 0 0 0 0 0 0 0 0 0 0 0 0 0 0 0 0 0 0 0 0 0 0 0 0 ]
Last = [ 0 0 0 0 0 0 0 0 0 0 0 0 0 0 0 0 0 0 0 0 0 0 0 0 0 0 0 0 0 0 0 0 0 0 0 0 0 0 0 0 ]
nS = 15
S = [ 1 0 1 0 1 0 0 0 0 1 0 0 0 0 1 0 0 0 0 1 0 1 1 1 1 0 1 0 0 1 0 1 0 0 0 1 0 0 1 0 ]
