n = 40 ; 
T = 48 ; 
Init = [ 1 0 0 1 0 0 0 0 0 1 1 1 0 0 0 0 1 1 1 0 1 1 0 0 1 1 1 1 0 1 0 1 1 0 0 1 0 0 1 1 ]
L = [ 4 6 8 5 3 9 6 8 5 8 4 6 9 6 5 9 3 9 6 3 3 5 6 10 6 7 6 5 6 7 7 7 3 4 4 4 7 5 10 9 ]
l = [ 4 6 8 5 3 9 6 8 5 8 4 6 9 6 5 9 3 9 6 3 3 5 6 10 6 7 6 5 6 7 7 7 3 4 4 4 7 5 10 9 ]
Pmin = [ 36 53 87 50 24 100 71 90 58 92 48 70 91 66 54 100 28 100 61 29 21 54 56 100 61 76 60 48 64 71 74 73 29 37 43 32 79 50 100 90 ]
Pmax = [ 36 53 87 50 24 100 71 90 58 92 48 70 91 66 54 100 28 100 61 29 21 54 56 100 61 76 60 48 64 71 74 73 29 37 43 32 79 50 100 90 ]
cf = [ 47.1458 33.2342 29.2418 17.6269 59.8938 15.5059 30.5626 12.8423 31.1615 64.9328 47.3763 16.2299 10.7174 29.1065 34.1749 7.12769 61.7912 30.1426 38.8537 51.1241 60.0997 40.7665 38.2407 20.9298 50.5593 28.3227 23.6747 24.8159 54.0953 31.9545 21.8403 31.2411 58.1887 44.0821 41.8679 48.0825 52.588 65.4305 53.9248 13.7494 ]
c0 = [ 118 158 223 132 83 250 192 229 158 235 132 187 240 179 158 250 83 250 168 92 78 143 159 250 176 204 174 136 182 191 188 203 90 102 132 89 212 140 250 247 ]
cp = [ 37.4907 25.3517 14.1739 28.5849 39.5175 12.3403 29.2356 17.209 31.481 21.2609 24.1128 22.3475 13.8073 20.1532 30.9217 14.5121 36.1359 17.0412 33.3964 38.185 35.7903 24.9669 24.9937 8.87017 29.7836 22.7743 20.6942 33.9282 22.3741 26.6908 16.9622 14.3196 29.4581 33.5499 29.9888 39.2392 32.6582 35.0959 11.2742 11.2489 ]
D = [ 2140 974 641 2289 1861 1730 2294 1532 132 1045 775 2261 2399 2027 294 1619 356 962 2334 2245 1963 403 691 1489 1890 2089 611 1191 1905 2492 1462 1519 940 2103 1282 275 1307 1049 1807 1439 2094 55 1174 1967 2083 1468 1061 2439 ]
K = 41
nk = [ 0 1 2 3 4 5 6 7 8 9 10 11 12 13 14 15 16 17 18 19 20 21 22 23 24 25 26 27 28 29 30 31 32 33 34 35 36 37 38 39 ]
First = [ 0 0 0 0 0 0 0 0 0 0 0 0 0 0 0 0 0 0 0 0 0 0 0 0 0 0 0 0 0 0 0 0 0 0 0 0 0 0 0 0 ]
Last = [ 0 0 0 0 0 0 0 0 0 0 0 0 0 0 0 0 0 0 0 0 0 0 0 0 0 0 0 0 0 0 0 0 0 0 0 0 0 0 0 0 ]
nS = 12
S = [ 1 0 0 0 0 0 1 0 1 0 1 0 0 0 0 0 1 0 0 0 0 0 1 0 0 0 0 1 0 1 0 0 0 1 0 0 1 0 1 1 ]
