n = 40 ; 
T = 48 ; 
Init = [ 1 0 1 1 1 0 1 1 0 0 0 0 1 0 1 0 1 1 0 0 1 1 1 1 0 0 1 0 1 1 0 0 1 1 1 0 1 0 1 1 ]
L = [ 4 5 10 3 3 6 5 6 8 7 5 2 8 6 9 8 7 3 3 6 3 7 6 6 4 6 6 3 9 6 7 6 8 4 5 6 2 8 5 9 ]
l = [ 4 5 10 3 3 6 5 6 8 7 5 2 8 6 9 8 7 3 3 6 3 7 6 6 4 6 6 3 9 6 7 6 8 4 5 6 2 8 5 9 ]
Pmin = [ 32 50 100 24 29 65 51 65 86 81 53 27 93 58 100 92 72 25 21 61 23 81 71 62 45 67 66 28 100 63 71 61 89 39 48 62 27 81 65 93 ]
Pmax = [ 32 50 100 24 29 65 51 65 86 81 53 27 93 58 100 92 72 25 21 61 23 81 71 62 45 67 66 28 100 63 71 61 89 39 48 62 27 81 65 93 ]
cf = [ 29.2455 50.9522 11.175 35.3634 42.0975 40.1887 25.8077 60.6984 30.9566 42.6664 11.892 36.6882 25.1073 45.6593 63.6444 28.1987 31.6083 7.61944 25.3909 49.3924 11.3684 27.6367 7.79986 57.5722 14.0323 32.5488 60.2506 35.0133 46.3758 26.1126 67.1792 68.6213 7.06478 8.35414 33.9847 42.1623 41.5428 52.7924 32.8607 65.4994 ]
c0 = [ 88 146 250 70 88 178 150 175 221 208 144 87 236 169 250 249 190 90 67 162 68 220 192 169 120 188 170 100 250 163 182 164 240 122 135 159 83 209 176 245 ]
cp = [ 29.9334 24.6363 10.5295 41.281 41.5296 30.1377 24.8882 15.6008 24.851 14.0664 32.0946 39.5013 17.3458 22.0735 16.2027 20.6704 27.6584 40.6429 40.7215 31.5068 38.5482 28.3475 13.8289 26.1996 35.8166 26.6012 25.6941 35.4197 9.0173 32.686 19.1991 26.5688 14.4475 35.5005 34.5028 16.3244 38.7681 17.2561 27.0611 12.3817 ]
D = [ 537 724 810 919 1037 1160 1308 1450 1543 1670 1843 1963 2036 1869 1706 1543 1342 1181 1366 1511 1735 1476 1164 852 555 749 816 934 1088 1234 1342 1491 1658 1782 1896 1966 2135 1932 1733 1597 1404 1217 1472 1712 1957 1629 1266 980 ]
K = 41
nk = [ 0 1 2 3 4 5 6 7 8 9 10 11 12 13 14 15 16 17 18 19 20 21 22 23 24 25 26 27 28 29 30 31 32 33 34 35 36 37 38 39 ]
First = [ 0 0 0 0 0 0 0 0 0 0 0 0 0 0 0 0 0 0 0 0 0 0 0 0 0 0 0 0 0 0 0 0 0 0 0 0 0 0 0 0 ]
Last = [ 0 0 0 0 0 0 0 0 0 0 0 0 0 0 0 0 0 0 0 0 0 0 0 0 0 0 0 0 0 0 0 0 0 0 0 0 0 0 0 0 ]
nS = 11
S = [ 1 1 0 0 0 0 0 1 0 0 0 1 0 0 0 0 1 0 1 0 1 0 0 0 1 0 0 0 0 1 0 0 0 1 0 0 1 0 0 0 ]
