n = 40 ; 
T = 48 ; 
Init = [ 1 0 0 1 0 1 0 1 0 1 0 1 0 0 1 0 0 1 0 0 0 1 0 0 0 0 0 0 0 0 0 1 0 0 1 1 1 1 0 0 ]
L = [ 2 9 2 10 6 9 9 4 8 8 4 10 5 9 3 6 8 7 9 7 6 2 10 8 5 6 7 5 6 3 6 2 9 5 2 4 6 6 5 9 ]
l = [ 2 9 2 10 6 9 9 4 8 8 4 10 5 9 3 6 8 7 9 7 6 2 10 8 5 6 7 5 6 3 6 2 9 5 2 4 6 6 5 9 ]
Pmin = [ 20 88 18 100 57 99 92 30 87 92 37 100 59 100 36 73 86 69 93 80 63 16 100 82 53 67 78 54 71 29 63 24 96 46 21 34 67 61 45 87 ]
Pmax = [ 20 88 18 100 57 99 92 30 87 92 37 100 59 100 36 73 86 69 93 80 63 16 100 82 53 67 78 54 71 29 63 24 96 46 21 34 67 61 45 87 ]
cf = [ 66.1464 65.5266 69.886 67.4804 39.9289 58.8003 61.9982 63.4403 12.4997 18.233 13.5738 69.6409 8.46421 16.9528 67.056 65.994 40.5581 22.4091 30.8925 46.4939 62.9571 60.535 7.24187 56.3437 16.7764 38.5699 44.8623 63.3391 67.7502 16.1088 31.0525 63.8966 11.6354 30.9385 61.377 44.5643 19.7388 53.3753 38.0046 25.2385 ]
c0 = [ 64 226 71 250 168 250 250 98 235 241 108 250 153 250 116 205 225 182 239 208 183 69 250 228 158 180 203 150 182 95 173 78 250 127 72 110 188 166 131 230 ]
cp = [ 38.4372 14.2875 41.2972 8.17212 15.0649 11.4244 15.2573 38.0704 19.2683 13.1682 28.6418 15.3977 36.6453 13.6638 36.0666 12.5792 22.1121 13.3531 13.5086 27.988 26.1916 40.518 11.8835 21.6977 32.2126 30.6407 13.8865 24.9784 18.2471 39.2571 19.3495 38.2956 15.5705 29.6726 39.0346 38.9635 23.0024 32.0652 28.8638 12.3573 ]
D = [ 723 918 986 1135 1241 1438 1511 1613 1826 1877 2016 2162 2326 2064 1888 1742 1505 1279 1581 1807 1959 1650 1252 979 612 715 905 1009 1155 1261 1445 1556 1710 1866 1957 2135 2199 2083 1864 1642 1446 1281 1550 1755 1984 1698 1377 996 ]
K = 41
nk = [ 0 1 2 3 4 5 6 7 8 9 10 11 12 13 14 15 16 17 18 19 20 21 22 23 24 25 26 27 28 29 30 31 32 33 34 35 36 37 38 39 ]
First = [ 0 0 0 0 0 0 0 0 0 0 0 0 0 0 0 0 0 0 0 0 0 0 0 0 0 0 0 0 0 0 0 0 0 0 0 0 0 0 0 0 ]
Last = [ 0 0 0 0 0 0 0 0 0 0 0 0 0 0 0 0 0 0 0 0 0 0 0 0 0 0 0 0 0 0 0 0 0 0 0 0 0 0 0 0 ]
nS = 12
S = [ 1 0 0 1 0 1 0 0 0 1 0 0 0 0 1 0 0 1 0 0 0 0 0 1 0 0 0 0 1 0 0 1 1 1 0 0 0 0 1 0 ]
