n = 40 ; 
T = 48 ; 
Init = [ 1 0 0 0 1 1 1 0 1 1 1 1 0 0 1 1 1 1 1 1 0 0 1 0 0 1 1 1 0 0 0 0 0 0 0 1 1 1 0 0 ]
L = [ 3 6 4 3 9 8 8 8 3 6 4 10 2 8 7 4 8 10 3 4 7 5 4 9 6 8 6 7 6 9 7 3 5 4 10 7 7 2 3 6 ]
l = [ 3 6 4 3 9 8 8 8 3 6 4 10 2 8 7 4 8 10 3 4 7 5 4 9 6 8 6 7 6 9 7 3 5 4 10 7 7 2 3 6 ]
Pmin = [ 28 71 34 30 100 87 90 85 22 57 44 100 19 94 82 39 83 100 30 33 78 56 37 100 59 90 67 80 62 100 67 27 49 41 100 78 79 18 28 68 ]
Pmax = [ 28 71 34 30 100 87 90 85 22 57 44 100 19 94 82 39 83 100 30 33 78 56 37 100 59 90 67 80 62 100 67 27 49 41 100 78 79 18 28 68 ]
cf = [ 59.1695 58.2221 56.3667 53.1427 9.9418 24.1148 66.6728 32.2116 53.3993 51.1327 27.0615 58.227 40.4149 23.9187 9.78762 14.5713 9.04439 31.372 27.7663 69.6369 7.94807 32.3639 61.477 26.27 48.4607 8.48043 9.90863 12.4851 39.9968 51.2498 54.7116 29.1663 39.4719 41.0783 12.309 42.4137 58.1931 8.98177 67.6253 41.5924 ]
c0 = [ 97 194 97 89 250 223 233 233 68 154 119 250 76 240 217 109 216 250 99 111 200 162 121 250 165 242 178 207 181 250 172 95 134 115 250 213 209 65 91 187 ]
cp = [ 37.1043 19.0894 33.5758 35.7772 19.4757 24.7673 17.3159 15.5272 39.7711 19.77 36.4782 11.6174 31.4452 11.499 21.1191 28.9772 27.2207 10.1129 38.9395 28.9847 27.7962 32.606 32.1052 10.4829 33.2809 14.3527 15.8059 23.4696 27.2338 13.1662 21.9104 39.8655 31.4927 32.7014 9.38335 21.2706 24.7525 36.5546 40.2586 22.2482 ]
D = [ 677 790 926 1063 1171 1273 1412 1458 1606 1689 1871 1956 2041 1941 1784 1600 1405 1207 1435 1638 1889 1615 1292 915 588 739 816 992 1062 1161 1329 1486 1607 1706 1795 1884 2049 1926 1703 1557 1447 1212 1540 1702 1971 1579 1269 892 ]
K = 41
nk = [ 0 1 2 3 4 5 6 7 8 9 10 11 12 13 14 15 16 17 18 19 20 21 22 23 24 25 26 27 28 29 30 31 32 33 34 35 36 37 38 39 ]
First = [ 0 0 0 0 0 0 0 0 0 0 0 0 0 0 0 0 0 0 0 0 0 0 0 0 0 0 0 0 0 0 0 0 0 0 0 0 0 0 0 0 ]
Last = [ 0 0 0 0 0 0 0 0 0 0 0 0 0 0 0 0 0 0 0 0 0 0 0 0 0 0 0 0 0 0 0 0 0 0 0 0 0 0 0 0 ]
nS = 11
S = [ 1 0 1 0 1 1 1 0 0 0 0 0 1 0 0 0 0 0 1 0 0 0 0 0 1 0 0 0 0 0 1 0 1 0 0 0 0 0 1 0 ]
