n = 40 ; 
T = 48 ; 
Init = [ 0 1 0 1 1 1 1 0 0 1 1 1 0 1 0 0 1 1 0 1 1 1 0 0 1 1 1 1 1 0 1 1 1 1 0 0 1 1 0 1 ]
L = [ 8 10 7 9 9 2 4 6 9 3 6 4 9 9 3 3 8 8 6 6 10 4 10 7 6 9 6 9 10 6 9 8 9 7 6 3 8 10 9 8 ]
l = [ 8 10 7 9 9 2 4 6 9 3 6 4 9 9 3 3 8 8 6 6 10 4 10 7 6 9 6 9 10 6 9 8 9 7 6 3 8 10 9 8 ]
Pmin = [ 89 100 65 93 96 14 40 67 94 32 54 41 93 92 38 28 91 92 73 59 100 41 100 72 67 89 68 97 100 64 95 89 100 68 67 22 86 100 100 92 ]
Pmax = [ 89 100 65 93 96 14 40 67 94 32 54 41 93 92 38 28 91 92 73 59 100 41 100 72 67 89 68 97 100 64 95 89 100 68 67 22 86 100 100 92 ]
cf = [ 36.9406 67.9079 69.7813 11.6412 54.9667 52.3742 23.1327 47.616 37.1884 16.7434 38.9226 45.9058 9.84904 22.8926 43.8554 13.2379 23.4199 46.0383 32.7383 36.7658 43.9617 47.767 58.911 41.0463 61.2516 59.3157 37.8367 49.8369 50.8165 65.057 48.8457 17.7572 62.965 48.627 22.3983 47.9316 31.0012 38.531 25.5477 61.1896 ]
c0 = [ 227 250 188 248 250 58 126 181 238 101 151 110 248 249 119 81 247 247 206 171 250 129 250 205 173 223 175 250 250 184 244 231 250 177 172 84 234 250 250 250 ]
cp = [ 26.5309 8.00474 21.4025 11.3429 10.8744 41.2884 31.9135 26.5532 15.8073 35.5842 22.6749 27.4735 12.7148 10.5639 37.6849 32.602 11.9891 11.3338 22.575 30.5676 8.34567 34.6448 10.256 28.9756 21.2849 12.068 24.0862 9.7024 8.93695 25.3485 12.2227 20.8912 19.2051 18.3421 25.4946 37.7734 22.1757 8.22994 13.1108 13.6612 ]
D = [ 736 973 1065 1258 1351 1570 1658 1877 1997 2170 2309 2426 2558 2361 2121 1922 1694 1515 1676 1934 2100 1785 1367 1022 724 941 1051 1174 1333 1487 1672 1781 1992 2127 2327 2442 2686 2363 2211 1977 1742 1600 1773 1995 2255 1817 1453 1173 ]
K = 41
nk = [ 0 1 2 3 4 5 6 7 8 9 10 11 12 13 14 15 16 17 18 19 20 21 22 23 24 25 26 27 28 29 30 31 32 33 34 35 36 37 38 39 ]
First = [ 0 0 0 0 0 0 0 0 0 0 0 0 0 0 0 0 0 0 0 0 0 0 0 0 0 0 0 0 0 0 0 0 0 0 0 0 0 0 0 0 ]
Last = [ 0 0 0 0 0 0 0 0 0 0 0 0 0 0 0 0 0 0 0 0 0 0 0 0 0 0 0 0 0 0 0 0 0 0 0 0 0 0 0 0 ]
nS = 14
S = [ 1 0 0 0 1 1 0 1 0 0 1 0 0 0 1 0 1 0 1 0 0 0 0 1 0 1 1 0 1 0 0 0 0 1 0 0 0 0 0 1 ]
