n = 40 ; 
T = 48 ; 
Init = [ 0 1 1 1 0 1 1 1 0 1 0 0 1 1 0 0 1 1 0 0 0 1 1 0 0 1 0 1 1 0 1 0 1 0 1 1 1 0 0 1 ]
L = [ 3 2 7 6 10 8 5 9 10 3 7 2 4 5 8 10 8 7 3 4 8 8 7 7 2 7 8 5 3 6 9 8 9 5 2 5 4 3 3 4 ]
l = [ 3 2 7 6 10 8 5 9 10 3 7 2 4 5 8 10 8 7 3 4 8 8 7 7 2 7 8 5 3 6 9 8 9 5 2 5 4 3 3 4 ]
Pmin = [ 30 16 79 62 100 89 50 90 100 30 77 26 36 50 82 100 86 74 23 43 85 78 82 74 22 74 93 50 23 68 100 90 99 58 17 53 39 29 31 36 ]
Pmax = [ 30 16 79 62 100 89 50 90 100 30 77 26 36 50 82 100 86 74 23 43 85 78 82 74 22 74 93 50 23 68 100 90 99 58 17 53 39 29 31 36 ]
cf = [ 61.8299 45.5384 26.92 23.1096 42.6888 52.7581 24.8053 51.1167 15.4701 12.421 65.3987 63.3904 60.1232 67.205 17.8026 41.4347 69.0675 57.7193 30.6639 10.5349 11.5204 61.8359 42.9183 7.97734 43.2592 7.97843 9.79703 7.03525 43.092 38.7911 67.8509 34.9218 14.3295 24.7708 51.0314 50.0184 7.52889 68.8367 31.1351 15.999 ]
c0 = [ 93 65 204 180 250 239 133 235 250 90 198 80 106 151 216 250 220 196 83 119 231 213 207 195 79 188 247 150 66 180 250 238 250 164 62 138 112 93 96 118 ]
cp = [ 37.2241 35.5563 13.5284 21.4156 8.17908 14.3521 32.0077 16.7875 10.9758 37.1692 17.1724 40.3891 32.9621 34.5324 16.4289 8.09633 14.2048 22.9234 30.6956 34.8694 14.1433 19.9858 18.0004 19.8358 40.8423 25.1611 12.3378 28.7527 34.5487 17.4969 13.843 13.8895 11.7773 18.2602 36.7205 25.7291 29.8696 34.2179 29.5663 35.9273 ]
D = [ 477 641 760 876 1095 1183 1301 1501 1657 1721 1877 2077 2143 1960 1781 1602 1366 1234 1414 1585 1786 1451 1140 826 505 613 788 825 1011 1163 1279 1414 1447 1623 1775 1830 2023 1865 1671 1508 1367 1290 1448 1635 1905 1615 1289 924 ]
K = 41
nk = [ 0 1 2 3 4 5 6 7 8 9 10 11 12 13 14 15 16 17 18 19 20 21 22 23 24 25 26 27 28 29 30 31 32 33 34 35 36 37 38 39 ]
First = [ 0 0 0 0 0 0 0 0 0 0 0 0 0 0 0 0 0 0 0 0 0 0 0 0 0 0 0 0 0 0 0 0 0 0 0 0 0 0 0 0 ]
Last = [ 0 0 0 0 0 0 0 0 0 0 0 0 0 0 0 0 0 0 0 0 0 0 0 0 0 0 0 0 0 0 0 0 0 0 0 0 0 0 0 0 ]
nS = 10
S = [ 1 0 0 0 1 0 0 0 0 0 1 0 0 0 0 0 1 0 0 0 1 0 0 1 0 0 1 0 0 0 0 0 1 0 0 0 0 1 0 1 ]
