n = 40 ; 
T = 48 ; 
Init = [ 0 1 1 0 0 1 0 0 1 0 0 1 1 0 1 0 1 0 0 0 1 0 0 1 0 1 1 0 0 0 1 1 1 0 1 1 0 1 0 1 ]
L = [ 8 7 8 10 5 7 5 6 9 7 9 5 6 6 5 8 5 6 7 7 3 3 7 6 5 10 8 6 4 10 7 10 8 4 3 6 7 7 7 6 ]
l = [ 8 7 8 10 5 7 5 6 9 7 9 5 6 6 5 8 5 6 7 7 3 3 7 6 5 10 8 6 4 10 7 10 8 4 3 6 7 7 7 6 ]
Pmin = [ 84 71 93 100 49 85 53 68 100 70 99 52 63 60 63 88 54 59 80 74 23 27 74 61 57 100 84 54 48 100 70 100 84 32 23 60 66 72 73 59 ]
Pmax = [ 84 71 93 100 49 85 53 68 100 70 99 52 63 60 63 88 54 59 80 74 23 27 74 61 57 100 84 54 48 100 70 100 84 32 23 60 66 72 73 59 ]
cf = [ 10.8937 26.6339 19.4037 42.996 9.47979 44.549 60.3043 46.7349 45.0703 20.6707 43.8993 31.0218 58.9547 34.7747 30.7464 43.257 40.3055 26.8086 27.8281 18.002 31.925 34.5917 50.4219 45.2264 35.3544 61.9155 8.87558 8.2016 59.6013 59.929 18.0897 63.4949 16.5629 30.4934 36.4909 19.0427 68.0425 26.7952 58.7776 43.1128 ]
c0 = [ 232 184 250 250 133 227 154 182 250 179 250 137 173 169 170 227 153 151 211 210 83 89 207 178 165 250 233 158 140 250 180 250 217 88 69 164 181 204 203 154 ]
cp = [ 19.4995 19.8757 11.0781 9.92856 33.2658 20.3643 30.3885 26.0677 16.8788 18.206 19.5783 25.4848 26.6086 30.1174 29.4874 13.5532 18.3542 19.7262 23.1911 12.8298 40.6667 35.1169 26.1999 24.4198 27.014 8.93048 22.6225 23.3304 33.5744 8.74833 20.8485 10.5661 20.8931 38.0421 37.9774 24.1605 23.2078 22.1882 20.9599 34.8621 ]
D = [ 1451 1113 2608 972 2318 906 2545 1030 1765 716 1507 113 1912 658 1771 410 308 1852 462 2589 1416 943 2307 1830 1962 854 2353 1877 1712 1866 711 431 247 587 1404 2565 1492 1216 864 525 1932 2371 638 1112 297 2409 1522 605 ]
K = 41
nk = [ 0 1 2 3 4 5 6 7 8 9 10 11 12 13 14 15 16 17 18 19 20 21 22 23 24 25 26 27 28 29 30 31 32 33 34 35 36 37 38 39 ]
First = [ 0 0 0 0 0 0 0 0 0 0 0 0 0 0 0 0 0 0 0 0 0 0 0 0 0 0 0 0 0 0 0 0 0 0 0 0 0 0 0 0 ]
Last = [ 0 0 0 0 0 0 0 0 0 0 0 0 0 0 0 0 0 0 0 0 0 0 0 0 0 0 0 0 0 0 0 0 0 0 0 0 0 0 0 0 ]
nS = 11
S = [ 1 1 0 0 0 1 0 0 0 0 1 1 0 0 1 0 0 0 1 0 0 0 0 0 1 0 0 0 0 0 1 0 0 0 0 0 1 0 1 0 ]
