n = 40 ; 
T = 48 ; 
Init = [ 1 1 1 0 0 1 1 0 0 0 1 1 0 0 0 0 1 1 1 1 1 1 0 1 0 1 0 1 0 1 1 1 1 0 1 1 1 0 1 1 ]
L = [ 4 5 6 6 9 10 7 2 5 8 9 2 9 3 7 4 5 4 6 6 9 3 4 4 3 3 7 7 5 3 4 6 6 8 5 9 5 3 2 2 ]
l = [ 4 5 6 6 9 10 7 2 5 8 9 2 9 3 7 4 5 4 6 6 9 3 4 4 3 3 7 7 5 3 4 6 6 8 5 9 5 3 2 2 ]
Pmin = [ 37 59 62 55 100 100 78 19 54 85 92 20 99 22 82 39 55 40 69 60 90 20 51 50 29 37 75 77 53 34 37 62 59 87 50 100 59 36 19 26 ]
Pmax = [ 37 59 62 55 100 100 78 19 54 85 92 20 99 22 82 39 55 40 69 60 90 20 51 50 29 37 75 77 53 34 37 62 59 87 50 100 59 36 19 26 ]
cf = [ 20.4161 55.2997 10.7986 45.4303 40.1179 33.7384 62.5691 18.264 42.5889 58.746 47.7585 68.6229 11.4095 16.2477 37.1688 52.8988 51.8836 64.4522 30.4554 56.1795 35.6169 67.9057 48.5297 15.1219 66.1281 7.07446 52.9794 19.4401 60.7398 50.3259 58.9436 11.1559 35.6256 62.7422 49.5863 68.7435 26.4806 42.1553 17.0075 62.0695 ]
c0 = [ 117 155 167 152 250 250 208 65 148 221 248 68 250 80 216 111 156 111 197 165 236 64 143 141 94 112 200 208 140 104 112 178 168 241 138 250 158 116 78 87 ]
cp = [ 28.7853 25.6229 27.5825 26.0351 17.644 9.20211 20.0984 38.8271 25.2123 21.4772 17.3183 41.8737 11.1144 39.4018 19.6692 38.1468 33.5271 34.9045 25.8864 36.1731 20.0034 40.1935 28.3429 34.6362 38.4392 34.1761 21.9479 14.563 31.6313 32.7887 27.2373 28.676 24.2515 15.6951 34.4789 15.6696 39.1627 34.9202 36.4106 39.4493 ]
D = [ 864 1836 1941 1024 2170 754 405 1515 554 1253 1015 1588 1178 239 1882 1038 242 1267 1488 2185 555 1088 57 1590 825 1597 1545 1530 590 1907 1243 1454 1464 906 200 1356 1661 605 593 2214 1859 1609 1525 758 1847 1129 1796 2089 ]
K = 41
nk = [ 0 1 2 3 4 5 6 7 8 9 10 11 12 13 14 15 16 17 18 19 20 21 22 23 24 25 26 27 28 29 30 31 32 33 34 35 36 37 38 39 ]
First = [ 0 0 0 0 0 0 0 0 0 0 0 0 0 0 0 0 0 0 0 0 0 0 0 0 0 0 0 0 0 0 0 0 0 0 0 0 0 0 0 0 ]
Last = [ 0 0 0 0 0 0 0 0 0 0 0 0 0 0 0 0 0 0 0 0 0 0 0 0 0 0 0 0 0 0 0 0 0 0 0 0 0 0 0 0 ]
nS = 13
S = [ 1 0 0 0 0 0 1 0 1 0 0 0 1 0 1 0 1 0 0 0 0 1 0 1 0 0 0 0 0 1 0 1 0 0 1 1 0 1 0 0 ]
