n = 20 ; 
T = 24 ; 
Init = [ 1 1 0 0 0 0 0 0 0 0 1 1 0 0 0 1 1 1 1 0 ]
L = [ 5 7 9 8 9 5 6 2 7 5 6 7 3 7 7 4 7 9 6 10 ]
l = [ 5 7 9 8 9 5 6 2 7 5 6 7 3 7 7 4 7 9 6 10 ]
Pmin = [ 54 66 100 88 93 52 59 21 73 62 61 76 22 81 67 42 77 100 68 100 ]
Pmax = [ 54 66 100 88 93 52 59 21 73 62 61 76 22 81 67 42 77 100 68 100 ]
cf = [ 10.5781 35.8852 31.2887 14.05 9.227 40.6998 45.2704 27.9244 17.6011 17.4242 55.1482 45.2791 7.64271 67.3724 60.5174 54.7417 34.497 57.2422 18.723 59.9371 ]
c0 = [ 151 187 250 226 249 147 174 70 195 167 171 214 75 207 184 128 203 250 188 250 ]
cp = [ 24.2654 16.1291 8.46999 25.8687 10.5351 30.6694 28.9728 40.0887 15.6336 28.4748 31.3651 17.304 39.2887 19.164 18.6005 33.9372 31.6025 13.1104 29.3608 9.37059 ]
D = [ 218 1168 1113 954 1330 550 708 460 949 231 1276 1026 855 439 1178 904 1168 644 1356 35 869 1035 863 883 ]
K = 21
nk = [ 0 0 0 0 0 0 0 0 0 0 0 0 0 0 0 0 0 0 0 0 ]
First = [ 0 0 0 0 0 0 0 0 0 0 0 0 0 0 0 0 0 0 0 0 ]
Last = [ 0 0 0 0 0 0 0 0 0 0 0 0 0 0 0 0 0 0 0 0 ]
nS = 5
S = [ 1 0 0 1 0 1 0 0 0 0 0 1 0 0 0 0 0 0 0 1 ]
