n = 20 ; 
T = 24 ; 
Init = [ 0 0 1 1 0 0 1 1 1 1 0 0 1 0 0 1 0 1 1 1 ]
L = [ 4 6 6 9 5 3 9 8 3 7 5 9 10 10 7 5 5 10 5 6 ]
l = [ 4 6 6 9 5 3 9 8 3 7 5 9 10 10 7 5 5 10 5 6 ]
Pmin = [ 44 66 68 100 54 34 91 85 27 78 63 95 100 100 75 52 49 100 48 70 ]
Pmax = [ 44 66 68 100 54 34 91 85 27 78 63 95 100 100 75 52 49 100 48 70 ]
cf = [ 25.5553 53.967 54.1521 27.9222 15.7739 42.3874 66.4348 28.3907 42.5802 67.4371 50.0431 29.537 56.4782 24.8515 37.8026 20.5164 46.0549 56.9339 18.9788 21.0189 ]
c0 = [ 133 187 186 250 148 99 236 237 88 216 178 245 250 250 209 139 145 250 144 191 ]
cp = [ 25.8694 28.3536 21.8748 11.2607 26.4744 32.1291 14.296 11.7628 36.8985 15.9871 16.544 10.3654 9.55644 8.56598 15.0538 30.6285 29.893 8.76626 22.2351 30.6745 ]
D = [ 364 446 479 573 646 719 796 838 912 965 1052 1149 1168 1118 1012 893 827 758 850 943 1016 830 682 502 ]
K = 21
nk = [ 0 0 0 0 0 0 0 0 0 0 0 0 0 0 0 0 0 0 0 0 ]
First = [ 0 0 0 0 0 0 0 0 0 0 0 0 0 0 0 0 0 0 0 0 ]
Last = [ 0 0 0 0 0 0 0 0 0 0 0 0 0 0 0 0 0 0 0 0 ]
nS = 5
S = [ 1 1 0 0 0 0 1 0 1 0 0 0 0 1 0 0 0 0 0 0 ]
