n = 20 ; 
T = 24 ; 
Init = [ 1 1 0 1 1 1 0 0 0 1 0 1 0 1 1 1 1 0 1 1 ]
L = [ 4 7 4 6 3 8 8 5 7 3 7 4 2 4 8 2 9 4 4 10 ]
l = [ 4 7 4 6 3 8 8 5 7 3 7 4 2 4 8 2 9 4 4 10 ]
Pmin = [ 40 64 39 57 32 88 78 51 77 25 78 48 19 42 84 18 100 38 40 100 ]
Pmax = [ 40 64 39 57 32 88 78 51 77 25 78 48 19 42 84 18 100 38 40 100 ]
cf = [ 66.9173 37.6247 27.9594 44.8949 51.1222 34.7037 62.3292 36.8751 43.2334 57.4957 27.5215 67.1095 19.0366 58.1514 60.6154 32.4632 12.3534 37.5102 38.5464 48.8636 ]
c0 = [ 114 173 114 168 93 226 212 136 209 72 212 135 58 116 220 63 250 112 120 250 ]
cp = [ 26.4225 26.1054 28.4084 30.2616 37.6348 15.0145 15.0767 35.3144 9.99347 39.504 20.2334 35.7722 41.9892 30.7323 14.1405 41.8031 14.4172 31.557 33.2357 9.31176 ]
D = [ 628 193 137 735 421 482 50 1105 950 730 382 895 156 754 450 939 128 314 351 771 92 715 719 305 ]
K = 21
nk = [ 1961040728 32697 1961040728 32697 0 0 0 0 0 0 0 0 0 0 0 0 0 0 0 0 ]
First = [ 0 0 0 0 0 0 0 0 0 0 0 0 0 0 0 0 0 0 0 0 ]
Last = [ 0 0 0 0 0 0 0 0 0 0 0 0 0 0 0 0 0 0 0 0 ]
nS = 3
S = [ 1 1 0 0 0 0 0 1 0 0 0 0 0 0 0 0 0 0 0 0 ]
