n = 20 ; 
T = 24 ; 
Init = [ 1 1 0 0 0 1 1 1 1 0 0 1 0 1 0 1 0 1 1 1 ]
L = [ 9 10 2 5 4 4 4 8 7 10 7 4 8 6 8 4 7 9 10 5 ]
l = [ 9 10 2 5 4 4 4 8 7 10 7 4 8 6 8 4 7 9 10 5 ]
Pmin = [ 94 100 20 51 47 44 37 86 74 100 70 39 88 67 90 35 66 87 100 57 ]
Pmax = [ 94 100 20 51 47 44 37 86 74 100 70 39 88 67 90 35 66 87 100 57 ]
cf = [ 46.1899 56.654 62.2758 24.2964 22.7975 48.4111 40.8215 23.0765 50.9606 55.229 62.4525 49.4442 36.9498 8.37643 65.4676 54.9868 37.7809 48.3703 27.5155 12.3793 ]
c0 = [ 250 250 61 138 130 126 116 228 202 250 189 110 239 183 245 102 170 224 250 167 ]
cp = [ 9.75304 8.49756 41.369 32.0795 32.7752 32.5738 30.5302 12.7786 29.7866 9.31987 21.0141 37.4518 14.043 20.1201 12.8099 39.7586 20.918 15.1807 10.2579 28.5129 ]
D = [ 297 381 444 506 600 635 682 784 825 892 994 1056 1118 1005 947 868 762 692 778 878 979 842 659 502 ]
K = 21
nk = [ -1360000168 32585 -1360000168 32585 0 0 0 0 0 0 0 0 0 0 0 0 0 0 0 0 ]
First = [ 0 0 0 0 0 0 0 0 0 0 0 0 0 0 0 0 0 0 0 0 ]
Last = [ 0 0 0 0 0 0 0 0 0 0 0 0 0 0 0 0 0 0 0 0 ]
nS = 5
S = [ 1 0 1 0 0 0 1 0 0 1 0 1 0 0 0 0 0 0 0 0 ]
