n = 20 ; 
T = 24 ; 
Init = [ 1 0 0 0 0 1 1 1 0 1 1 0 1 1 1 1 0 0 1 1 ]
L = [ 10 2 4 7 4 6 6 10 5 4 7 7 9 9 8 4 6 5 6 7 ]
l = [ 10 2 4 7 4 6 6 10 5 4 7 7 9 9 8 4 6 5 6 7 ]
Pmin = [ 99 22 40 84 50 68 62 100 48 40 78 79 100 99 79 47 67 59 66 83 ]
Pmax = [ 99 22 40 84 50 68 62 100 48 40 78 79 100 99 79 47 67 59 66 83 ]
cf = [ 14.0387 38.0592 22.7059 9.0676 58.6391 54.4265 58.1338 51.1098 47.5342 35.0313 20.2965 52.1953 16.069 21.3138 37.0145 39.8554 38.7684 19.7589 7.28998 37.4232 ]
c0 = [ 250 79 107 228 138 179 176 250 148 113 203 201 250 250 221 133 175 155 184 220 ]
cp = [ 9.14381 39.7853 36.6882 14.5767 36.8145 33.4966 31.7454 8.50511 30.1334 34.3272 17.1403 20.4921 9.11333 10.858 16.8166 32.1406 21.1594 27.6257 20.6301 16.7709 ]
D = [ 345 425 498 546 602 665 746 823 873 942 1007 1054 1126 1028 969 874 763 677 767 933 1023 870 681 510 ]
K = 21
nk = [ -1360000168 32585 -1360000168 32585 0 0 0 0 0 0 0 0 0 0 0 0 0 0 0 0 ]
First = [ 0 0 0 0 0 0 0 0 0 0 0 0 0 0 0 0 0 0 0 0 ]
Last = [ 0 0 0 0 0 0 0 0 0 0 0 0 0 0 0 0 0 0 0 0 ]
nS = 6
S = [ 1 0 0 1 0 0 1 0 0 0 0 1 0 0 0 1 0 0 1 0 ]
