n = 20 ; 
T = 24 ; 
Init = [ 1 1 0 0 1 1 1 0 1 1 1 1 1 1 0 0 1 0 0 0 ]
L = [ 9 6 7 7 10 6 9 6 10 9 8 4 6 3 3 3 8 10 7 10 ]
l = [ 9 6 7 7 10 6 9 6 10 9 8 4 6 3 3 3 8 10 7 10 ]
Pmin = [ 92 59 69 70 100 55 100 70 100 100 82 42 73 20 25 26 82 100 78 100 ]
Pmax = [ 92 59 69 70 100 55 100 70 100 100 82 42 73 20 25 26 82 100 78 100 ]
cf = [ 26.3239 68.2099 61.3487 9.57114 68.3419 14.2287 45.2887 23.9107 42.7557 13.6971 32.85 37.4477 57.3866 43.2671 23.9269 43.9736 39.7693 36.0713 41.9648 67.3228 ]
c0 = [ 250 168 180 196 250 162 250 201 250 250 215 127 191 79 87 86 211 250 199 250 ]
cp = [ 24.2664 24.5125 22.4343 30.5271 8.17464 25.4581 16.394 29.9833 8.10873 11.2355 12.461 31.9032 28.9341 34.3481 37.5657 38.5381 19.6985 10.6524 15.7919 8.12906 ]
D = [ 350 430 486 608 662 768 795 887 987 1023 1112 1220 1285 1176 1066 985 836 730 896 1021 1127 936 739 582 ]
K = 21
nk = [ -1360000168 32585 -1360000168 32585 0 0 0 0 0 0 0 0 0 0 0 0 0 0 0 0 ]
First = [ 0 0 0 0 0 0 0 0 0 0 0 0 0 0 0 0 0 0 0 0 ]
Last = [ 0 0 0 0 0 0 0 0 0 0 0 0 0 0 0 0 0 0 0 0 ]
nS = 6
S = [ 1 0 0 1 1 0 0 1 0 0 0 0 1 0 0 0 0 0 1 0 ]
