n = 20 ; 
T = 24 ; 
Init = [ 1 0 1 0 0 1 1 0 0 1 0 1 0 1 1 0 0 0 1 0 ]
L = [ 7 8 4 9 7 10 5 3 7 9 9 9 2 5 3 6 8 3 6 5 ]
l = [ 7 8 4 9 7 10 5 3 7 9 9 9 2 5 3 6 8 3 6 5 ]
Pmin = [ 75 85 46 100 73 100 45 29 70 100 96 97 20 49 31 58 84 34 67 46 ]
Pmax = [ 75 85 46 100 73 100 45 29 70 100 96 97 20 49 31 58 84 34 67 46 ]
cf = [ 69.7849 28.6277 9.98535 50.8484 19.8184 13.3361 54.0558 69.3107 29.9112 25.2708 14.7081 60.3098 11.1449 39.7992 33.2583 9.78496 56.724 12.9778 44.8571 64.3612 ]
c0 = [ 200 231 130 250 207 250 134 91 180 250 246 250 74 129 97 153 218 92 190 139 ]
cp = [ 19.5031 13.1506 30.4709 11.3353 18.9483 8.49318 21.3529 34.565 14.1535 11.2959 13.6037 11.0545 32.8351 30.2862 28.6325 33.8757 17.8438 35.178 18.9813 31.3178 ]
D = [ 910 1118 352 448 1157 1095 646 162 1146 461 1211 1142 909 1273 745 1174 99 415 1160 574 793 14 373 879 ]
K = 21
nk = [ 1961040728 32697 1961040728 32697 0 0 0 0 0 0 0 0 0 0 0 0 0 0 0 0 ]
First = [ 0 0 0 0 0 0 0 0 0 0 0 0 0 0 0 0 0 0 0 0 ]
Last = [ 0 0 0 0 0 0 0 0 0 0 0 0 0 0 0 0 0 0 0 0 ]
nS = 6
S = [ 1 0 0 0 0 1 1 0 1 0 0 0 1 0 0 0 0 0 1 0 ]
