n = 20 ; 
T = 24 ; 
Init = [ 1 1 0 0 1 1 1 1 0 0 1 1 0 1 0 0 0 0 0 1 ]
L = [ 2 9 5 2 4 8 10 9 9 8 9 10 2 4 3 3 10 9 4 9 ]
l = [ 2 9 5 2 4 8 10 9 9 8 9 10 2 4 3 3 10 9 4 9 ]
Pmin = [ 22 100 49 21 28 86 100 99 95 83 99 100 17 37 23 31 100 95 42 87 ]
Pmax = [ 22 100 49 21 28 86 100 99 95 83 99 100 17 37 23 31 100 95 42 87 ]
cf = [ 28.7361 41.5384 13.9685 8.13339 69.0526 29.2584 57.6851 44.2786 27.027 10.2327 55.7761 37.3928 21.8224 41.8342 59.8563 22.4604 12.9992 24.2417 36.0736 48.2116 ]
c0 = [ 67 250 146 68 77 229 250 250 250 227 250 250 63 103 78 98 250 238 119 236 ]
cp = [ 39.6435 12.0221 21.113 37.5258 37.7688 19.0846 9.34707 14.3871 10.3595 12.2386 26.2084 11.127 41.3551 32.0001 41.469 32.3939 9.70302 11.3728 34.3219 13.2209 ]
D = [ 283 333 415 499 567 616 679 759 837 896 973 1071 1153 1059 982 890 781 688 750 825 914 757 584 443 ]
K = 21
nk = [ 0 0 0 0 0 0 0 0 0 0 0 0 0 0 0 0 0 0 0 0 ]
First = [ 0 0 0 0 0 0 0 0 0 0 0 0 0 0 0 0 0 0 0 0 ]
Last = [ 0 0 0 0 0 0 0 0 0 0 0 0 0 0 0 0 0 0 0 0 ]
nS = 6
S = [ 1 0 0 1 0 0 0 0 1 1 0 0 0 0 1 1 0 0 0 0 ]
