n = 20 ; 
T = 24 ; 
Init = [ 1 0 0 1 1 1 1 0 0 1 0 0 1 0 1 1 0 0 1 1 ]
L = [ 2 3 10 3 8 5 4 5 8 2 5 10 4 6 7 8 8 8 10 4 ]
l = [ 2 3 10 3 8 5 4 5 8 2 5 10 4 6 7 8 8 8 10 4 ]
Pmin = [ 22 33 100 34 84 52 44 47 87 18 51 100 42 65 67 87 86 91 100 39 ]
Pmax = [ 22 33 100 34 84 52 44 47 87 18 51 100 42 65 67 87 86 91 100 39 ]
cf = [ 55.9361 57.1713 9.8708 44.9976 33.0231 20.0439 18.7566 65.0299 52.8269 68.9392 11.2223 10.4 23.4596 56.0622 31.1961 26.6943 51.3427 9.09324 12.2689 31.7313 ]
c0 = [ 72 97 250 98 213 156 129 139 235 63 143 250 129 174 193 238 228 242 250 115 ]
cp = [ 40.1614 37.279 9.82966 33.892 16.1753 32.0732 37.8162 28.6729 18.6939 41.1086 30.0583 8.26906 37.4223 20.8433 22.1989 17.2853 11.1322 24.5583 9.78462 33.7074 ]
D = [ 496 702 858 240 1200 834 15 624 327 261 35 48 7 92 802 522 351 1035 424 10 1014 508 78 91 ]
K = 21
nk = [ 1961040728 32697 1961040728 32697 0 0 0 0 0 0 0 0 0 0 0 0 0 0 0 0 ]
First = [ 0 0 0 0 0 0 0 0 0 0 0 0 0 0 0 0 0 0 0 0 ]
Last = [ 0 0 0 0 0 0 0 0 0 0 0 0 0 0 0 0 0 0 0 0 ]
nS = 5
S = [ 1 1 0 0 0 0 0 0 1 0 0 0 0 0 0 0 0 0 1 1 ]
