n = 20 ; 
T = 24 ; 
Init = [ 1 1 0 0 0 0 1 0 1 1 0 1 0 1 0 0 0 1 0 0 ]
L = [ 4 10 4 5 2 5 8 9 7 3 4 6 6 8 4 10 8 2 7 5 ]
l = [ 4 10 4 5 2 5 8 9 7 3 4 6 6 8 4 10 8 2 7 5 ]
Pmin = [ 41 100 45 54 22 45 83 92 73 33 39 67 52 87 38 100 81 21 78 55 ]
Pmax = [ 41 100 45 54 22 45 83 92 73 33 39 67 52 87 38 100 81 21 78 55 ]
cf = [ 63.8435 41.9437 35.4115 21.5488 35.2221 50.5494 34.3268 40.7415 21.8067 57.7278 61.2326 36.88 38.7053 66.7865 58.3543 51.2391 13.3354 55.4333 44.3905 14.032 ]
c0 = [ 115 250 121 148 67 122 230 250 186 102 116 181 137 231 104 250 219 71 209 164 ]
cp = [ 21.686 19.6423 28.398 27.2431 41.2075 32.1743 21.9821 9.87813 28.6435 38.3839 26.2597 21.2915 29.196 21.3676 18.4052 8.16178 17.77 41.6743 25.4829 26.3121 ]
D = [ 300 353 402 455 510 584 632 719 787 825 874 954 1027 934 852 757 666 566 675 808 904 787 623 482 ]
K = 21
nk = [ -1360000168 32585 -1360000168 32585 0 0 0 0 0 0 0 0 0 0 0 0 0 0 0 0 ]
First = [ 0 0 0 0 0 0 0 0 0 0 0 0 0 0 0 0 0 0 0 0 ]
Last = [ 0 0 0 0 0 0 0 0 0 0 0 0 0 0 0 0 0 0 0 0 ]
nS = 7
S = [ 1 0 1 0 0 0 1 0 0 1 0 1 1 0 0 1 0 0 0 0 ]
