n = 20 ; 
T = 48 ; 
Init = [ 0 0 0 1 0 1 0 1 0 1 0 1 0 0 1 1 1 0 1 1 ]
L = [ 9 4 10 4 3 5 9 6 9 3 3 3 7 2 5 5 9 2 10 2 ]
l = [ 9 4 10 4 3 5 9 6 9 3 3 3 7 2 5 5 9 2 10 2 ]
Pmin = [ 96 41 100 39 30 50 99 66 100 36 30 33 76 16 49 43 100 19 99 15 ]
Pmax = [ 96 41 100 39 30 50 99 66 100 36 30 33 76 16 49 43 100 19 99 15 ]
cf = [ 20.4518 47.5257 23.656 14.8066 67.1032 41.4173 17.0031 52.0642 62.8568 24.4471 68.0859 8.09435 28.197 20.9662 45.3048 51.8582 32.2076 31.6458 68.7872 68.285 ]
c0 = [ 242 110 250 116 90 133 250 175 250 116 97 100 200 72 145 119 250 62 250 62 ]
cp = [ 21.0645 20.0152 9.74647 37.7172 37.342 25.4166 13.8485 22.543 11.592 38.2084 37.7137 40.0596 18.1819 41.4642 24.1232 33.6392 10.0896 40.2281 8.98414 41.9276 ]
D = [ 311 764 487 713 729 212 968 245 552 815 1097 795 410 260 936 357 881 1116 34 753 294 1136 772 677 251 327 349 706 771 327 675 1083 1091 25 659 683 237 489 928 789 167 888 446 577 11 245 934 893 ]
K = 21
nk = [ 1961040728 32697 1961040728 32697 0 0 0 0 0 0 0 0 0 0 0 0 0 0 0 0 ]
First = [ 0 0 0 0 0 0 0 0 0 0 0 0 0 0 0 0 0 0 0 0 ]
Last = [ 0 0 0 0 0 0 0 0 0 0 0 0 0 0 0 0 0 0 0 0 ]
nS = 5
S = [ 1 0 0 0 1 0 0 0 0 0 0 0 0 0 1 1 0 0 0 1 ]
