n = 20 ; 
T = 48 ; 
Init = [ 0 1 1 0 0 1 1 0 1 0 1 0 0 1 1 0 1 1 0 0 ]
L = [ 2 10 9 9 9 5 3 5 4 4 9 7 9 7 5 3 4 4 6 8 ]
l = [ 2 10 9 9 9 5 3 5 4 4 9 7 9 7 5 3 4 4 6 8 ]
Pmin = [ 17 100 91 100 100 53 29 60 40 45 91 70 91 66 54 31 42 44 57 83 ]
Pmax = [ 17 100 91 100 100 53 29 60 40 45 91 70 91 66 54 31 42 44 57 83 ]
cf = [ 42.4052 50.8312 40.6325 54.3394 29.7826 23.0165 38.5476 66.072 12.0767 65.3739 51.3087 36.9967 38.5559 48.511 31.1546 13.4759 68.5518 34.9902 7.32315 39.2755 ]
c0 = [ 61 250 250 250 250 145 82 175 119 129 232 186 250 177 151 105 129 135 159 223 ]
cp = [ 41.2007 8.46382 12.5617 11.9337 13.9565 34.7534 37.8914 25.1974 30.857 25.244 32.0046 24.3906 13.9763 23.0966 13.0695 39.4765 23.8678 26.0375 24.9823 12.2404 ]
D = [ 1143 264 1093 1116 718 374 1022 517 226 509 54 936 124 729 622 581 1050 1255 502 1152 1162 127 490 531 960 975 661 931 272 668 315 151 932 143 3 386 517 1025 903 743 269 957 415 393 422 1038 975 208 ]
K = 21
nk = [ 1961040728 32697 1961040728 32697 0 0 0 0 0 0 0 0 0 0 0 0 0 0 0 0 ]
First = [ 0 0 0 0 0 0 0 0 0 0 0 0 0 0 0 0 0 0 0 0 ]
Last = [ 0 0 0 0 0 0 0 0 0 0 0 0 0 0 0 0 0 0 0 0 ]
nS = 4
S = [ 1 0 0 0 0 0 0 0 1 0 1 0 0 0 0 0 0 0 1 0 ]
