n = 20 ; 
T = 48 ; 
Init = [ 0 0 1 0 1 1 0 1 0 1 1 0 0 1 1 1 0 0 1 1 ]
L = [ 9 10 4 3 2 2 7 6 9 9 4 9 3 9 4 3 6 6 7 5 ]
l = [ 9 10 4 3 2 2 7 6 9 9 4 9 3 9 4 3 6 6 7 5 ]
Pmin = [ 96 100 39 23 17 22 80 66 100 100 37 96 32 94 37 22 73 66 69 57 ]
Pmax = [ 96 100 39 23 17 22 80 66 100 100 37 96 32 94 37 22 73 66 69 57 ]
cf = [ 51.4664 7.39016 48.5524 65.5868 43.0298 51.3462 46.1119 38.4305 48.1351 62.1383 29.8666 53.7211 56.7792 36.3941 28.9123 11.8607 61.5049 11.7057 7.70771 62.1262 ]
c0 = [ 244 250 107 79 58 71 218 190 250 250 113 250 92 250 99 73 193 173 192 152 ]
cp = [ 16.3803 8.08258 34.2482 34.1209 40.2066 40.584 19.3678 18.0549 9.30107 15.4499 28.4008 15.7431 34.3842 16.0296 39.7534 38.8113 27.4149 26.9724 33.5269 35.8563 ]
D = [ 261 340 397 463 517 598 641 709 773 829 879 950 1051 951 885 804 728 632 723 802 919 760 591 432 309 377 412 481 543 630 689 718 784 847 926 984 1034 921 867 749 700 596 688 828 930 775 608 413 ]
K = 21
nk = [ -1360000072 32585 -1360000072 32585 0 0 0 0 0 0 0 0 0 0 0 0 0 0 0 0 ]
First = [ 0 0 0 0 0 0 0 0 0 0 0 0 0 0 0 0 0 0 0 0 ]
Last = [ 0 0 0 0 0 0 0 0 0 0 0 0 0 0 0 0 0 0 0 0 ]
nS = 5
S = [ 1 1 0 1 0 0 0 0 0 0 0 1 0 0 0 0 0 0 0 1 ]
