n = 20 ; 
T = 48 ; 
Init = [ 1 1 1 0 0 0 1 0 0 0 0 0 0 1 1 1 1 1 1 0 ]
L = [ 3 10 10 9 6 8 6 10 4 4 8 5 8 6 8 7 4 4 5 3 ]
l = [ 3 10 10 9 6 8 6 10 4 4 8 5 8 6 8 7 4 4 5 3 ]
Pmin = [ 22 100 100 96 67 86 55 100 44 31 87 56 94 67 95 76 35 39 51 35 ]
Pmax = [ 22 100 100 96 67 86 55 100 44 31 87 56 94 67 95 76 35 39 51 35 ]
cf = [ 43.2918 62.546 13.6279 62.3949 46.6758 60.8187 25.669 12.9081 64.0978 58.1512 65.5122 25.2236 64.07 48.4141 43.331 62.3973 21.2268 7.08195 63.6505 13.6934 ]
c0 = [ 71 250 250 248 192 230 153 250 136 98 230 148 241 185 246 195 96 113 147 113 ]
cp = [ 41.4514 10.3392 9.86605 11.9197 32.5204 17.2945 36.1977 10.4679 31.4039 20.2206 12.6236 34.9275 19.2298 32.1382 21.6285 14.9299 33.5979 32.9708 26.9212 35.5791 ]
D = [ 349 439 465 528 629 670 769 834 886 974 1025 1089 1200 1065 999 876 748 647 755 864 957 774 594 474 284 384 467 498 608 684 746 827 878 935 997 1066 1156 1036 969 852 717 632 765 852 1003 816 674 467 ]
K = 21
nk = [ -1360000168 32585 -1360000168 32585 0 0 0 0 0 0 0 0 0 0 0 0 0 0 0 0 ]
First = [ 0 0 0 0 0 0 0 0 0 0 0 0 0 0 0 0 0 0 0 0 ]
Last = [ 0 0 0 0 0 0 0 0 0 0 0 0 0 0 0 0 0 0 0 0 ]
nS = 6
S = [ 1 0 0 0 0 0 0 0 1 1 1 0 0 0 0 0 1 0 1 0 ]
