n = 20 ; 
T = 48 ; 
Init = [ 1 0 1 1 0 0 0 1 0 1 1 0 0 0 0 1 1 0 1 1 ]
L = [ 9 9 9 3 8 3 8 8 3 6 5 9 10 10 5 10 8 2 3 7 ]
l = [ 9 9 9 3 8 3 8 8 3 6 5 9 10 10 5 10 8 2 3 7 ]
Pmin = [ 100 100 97 27 79 30 79 75 29 63 59 97 100 100 53 100 92 23 21 75 ]
Pmax = [ 100 100 97 27 79 30 79 75 29 63 59 97 100 100 53 100 92 23 21 75 ]
cf = [ 62.6707 25.3951 40.0256 20.0823 33.1423 48.0401 40.5862 27.5896 9.42718 63.8864 48.8756 52.1994 8.13071 28.6768 54.2831 35.3305 36.9755 31.9623 57.2939 41.2301 ]
c0 = [ 250 250 250 76 208 84 215 199 82 180 158 250 250 250 143 250 242 77 71 206 ]
cp = [ 13.2719 17.1182 12.107 36.6947 16.3181 38.1181 22.4472 24.4077 27.4074 19.7333 30.4624 17.0144 8.72792 8.85796 17.3348 8.85798 13.1377 37.8398 37.8835 14.3499 ]
D = [ 337 141 1285 44 1129 152 359 521 840 984 131 678 1393 864 968 574 377 315 1032 430 179 563 35 204 1044 1085 833 311 240 551 1071 577 692 957 621 422 1109 980 944 550 566 1075 1228 560 540 797 1134 916 ]
K = 21
nk = [ 1961040824 32697 1961040824 32697 0 0 0 0 0 0 0 0 0 0 0 0 0 0 0 0 ]
First = [ 0 0 0 0 0 0 0 0 0 0 0 0 0 0 0 0 0 0 0 0 ]
Last = [ 0 0 0 0 0 0 0 0 0 0 0 0 0 0 0 0 0 0 0 0 ]
nS = 4
S = [ 1 0 0 0 1 0 0 0 0 0 0 1 0 0 0 0 0 0 0 1 ]
