n = 20 ; 
T = 48 ; 
Init = [ 0 1 0 1 1 1 0 1 1 1 1 0 0 0 1 1 0 1 1 1 ]
L = [ 7 5 10 5 9 10 9 7 4 4 10 7 6 9 5 2 9 2 8 2 ]
l = [ 7 5 10 5 9 10 9 7 4 4 10 7 6 9 5 2 9 2 8 2 ]
Pmin = [ 70 51 100 52 94 100 100 74 41 38 100 86 66 92 62 12 100 20 85 28 ]
Pmax = [ 70 51 100 52 94 100 100 74 41 38 100 86 66 92 62 12 100 20 85 28 ]
cf = [ 66.8816 45.0178 28.1821 17.212 63.421 61.9304 39.904 42.1852 26.4326 46.9412 38.2632 7.27947 65.3501 27.039 29.4606 25.1007 15.378 52.2313 46.9491 48.1616 ]
c0 = [ 194 139 250 143 244 250 250 196 120 118 250 221 172 235 160 40 250 70 217 88 ]
cp = [ 21.6469 33.379 8.38281 18.5496 12.5055 8.37378 10.0115 20.6698 36.3537 25.8125 9.2633 21.7229 30.4453 11.1706 31.3444 41.4121 9.7939 39.1195 11.3102 39.2061 ]
D = [ 652 937 1149 774 1169 1233 806 652 565 958 1268 498 414 358 720 271 182 65 1037 605 934 346 611 833 782 1100 1227 964 713 725 489 1365 291 267 768 89 129 204 741 694 1161 638 1192 204 996 540 475 1178 ]
K = 21
nk = [ 1961040728 32697 1961040728 32697 0 0 0 0 0 0 0 0 0 0 0 0 0 0 0 0 ]
First = [ 0 0 0 0 0 0 0 0 0 0 0 0 0 0 0 0 0 0 0 0 ]
Last = [ 0 0 0 0 0 0 0 0 0 0 0 0 0 0 0 0 0 0 0 0 ]
nS = 8
S = [ 1 1 0 1 1 0 1 0 0 1 1 0 0 0 0 0 1 0 0 0 ]
