n = 20 ; 
T = 48 ; 
Init = [ 1 0 0 1 1 1 1 1 0 1 1 0 0 0 0 1 0 1 1 1 ]
L = [ 8 3 2 4 7 5 9 3 4 7 4 5 8 7 3 3 4 6 6 3 ]
l = [ 8 3 2 4 7 5 9 3 4 7 4 5 8 7 3 3 4 6 6 3 ]
Pmin = [ 79 22 23 40 69 46 93 25 37 75 37 42 85 76 25 31 43 63 63 31 ]
Pmax = [ 79 22 23 40 69 46 93 25 37 75 37 42 85 76 25 31 43 63 63 31 ]
cf = [ 13.2913 62.2767 8.19765 46.8946 7.54459 52.2501 19.8791 28.6574 39.0539 46.6267 11.607 69.5479 11.5511 59.6445 69.7966 27.9095 64.8406 51.076 19.7627 25.8771 ]
c0 = [ 211 72 82 105 182 122 248 90 107 204 118 133 214 214 88 91 128 176 176 100 ]
cp = [ 22.1739 30.9188 38.349 31.0085 22.4881 35.9454 24.7994 38.3527 33.4283 24.2635 33.6241 29.3732 20.5748 20.9238 37.2234 38.8952 30.5367 30.5063 16.5101 40.1678 ]
D = [ 210 285 335 388 423 475 545 570 628 683 723 769 843 766 695 610 551 477 577 690 805 666 509 362 243 300 357 395 451 511 572 629 669 744 768 852 876 804 738 666 595 517 590 689 814 660 535 394 ]
K = 21
nk = [ 0 0 0 0 0 0 0 0 0 0 0 0 0 0 0 0 0 0 0 0 ]
First = [ 0 0 0 0 0 0 0 0 0 0 0 0 0 0 0 0 0 0 0 0 ]
Last = [ 0 0 0 0 0 0 0 0 0 0 0 0 0 0 0 0 0 0 0 0 ]
nS = 5
S = [ 1 0 1 0 0 0 0 1 0 0 0 1 0 0 0 0 1 0 0 0 ]
