n = 20 ; 
T = 48 ; 
Init = [ 0 0 0 0 0 1 0 1 0 1 0 1 0 0 1 0 0 0 0 0 ]
L = [ 5 7 7 9 5 4 10 8 6 9 5 4 4 7 7 5 7 5 4 6 ]
l = [ 5 7 7 9 5 4 10 8 6 9 5 4 4 7 7 5 7 5 4 6 ]
Pmin = [ 54 74 71 99 42 42 100 78 65 94 45 39 43 78 71 51 64 39 45 62 ]
Pmax = [ 54 74 71 99 42 42 100 78 65 94 45 39 43 78 71 51 64 39 45 62 ]
cf = [ 28.8669 68.6378 45.1211 50.3754 8.93809 61.7911 19.3925 9.44827 62.9376 61.409 66.2163 67.3684 46.5173 40.7903 63.2747 14.105 57.2036 53.5353 59.5366 21.8099 ]
c0 = [ 141 204 195 250 123 116 250 214 176 242 136 120 135 205 201 139 164 116 132 181 ]
cp = [ 32.9924 22.4259 14.0323 12.6101 28.9226 29.4461 10.2304 24.0146 27.4783 20.7492 30.8373 37.6831 18.9013 14.0385 25.5317 21.5493 14.775 32.6478 35.8273 33.06 ]
D = [ 270 308 421 463 557 637 698 773 835 900 993 1046 1128 1043 919 830 748 625 737 868 980 824 661 542 381 430 466 521 610 665 742 788 832 911 946 1033 1081 993 884 790 725 625 738 789 923 762 622 524 ]
K = 21
nk = [ -1360000072 32585 -1360000072 32585 0 0 0 0 0 0 0 0 0 0 0 0 0 0 0 0 ]
First = [ 0 0 0 0 0 0 0 0 0 0 0 0 0 0 0 0 0 0 0 0 ]
Last = [ 0 0 0 0 0 0 0 0 0 0 0 0 0 0 0 0 0 0 0 0 ]
nS = 3
S = [ 1 0 0 0 0 0 1 0 0 1 0 0 0 0 0 0 0 0 0 0 ]
