n = 20 ; 
T = 48 ; 
Init = [ 1 1 1 0 1 1 0 0 1 0 1 0 0 0 1 0 1 0 0 0 ]
L = [ 8 7 7 6 6 5 4 7 4 6 6 6 6 5 9 8 5 7 4 5 ]
l = [ 8 7 7 6 6 5 4 7 4 6 6 6 6 5 9 8 5 7 4 5 ]
Pmin = [ 92 79 80 57 63 49 44 80 38 60 62 69 52 46 96 81 48 81 44 50 ]
Pmax = [ 92 79 80 57 63 49 44 80 38 60 62 69 52 46 96 81 48 81 44 50 ]
cf = [ 21.0999 9.11982 65.0364 30.7715 12.7285 69.0404 45.6953 38.5397 37.9334 37.8086 65.0378 64.4574 62.9897 7.87461 29.7334 41.8773 27.7364 31.7901 63.6318 23.3423 ]
c0 = [ 240 209 205 156 177 134 117 209 122 168 162 177 143 140 242 227 131 225 136 134 ]
cp = [ 13.5739 19.7099 19.2606 21.9146 21.5974 25.4983 31.6754 23.4883 30.3127 31.6894 28.279 20.3623 20.988 35.0224 8.39727 27.4027 31.187 22.1264 25.1633 30.6253 ]
D = [ 1237 9 349 434 1082 380 393 132 236 247 266 521 289 166 1000 405 146 510 1041 770 1132 941 658 990 959 1117 423 106 346 294 436 312 303 785 746 114 1165 1140 246 131 115 512 651 405 677 381 810 824 ]
K = 21
nk = [ 1961040728 32697 1961040728 32697 0 0 0 0 0 0 0 0 0 0 0 0 0 0 0 0 ]
First = [ 0 0 0 0 0 0 0 0 0 0 0 0 0 0 0 0 0 0 0 0 ]
Last = [ 0 0 0 0 0 0 0 0 0 0 0 0 0 0 0 0 0 0 0 0 ]
nS = 2
S = [ 1 0 0 0 0 0 0 0 0 0 0 0 1 0 0 0 0 0 0 0 ]
