n = 20 ; 
T = 48 ; 
Init = [ 0 0 0 1 1 0 1 0 1 1 1 1 0 0 1 1 0 0 0 0 ]
L = [ 8 2 5 4 8 3 4 10 6 8 3 7 4 10 4 9 4 3 9 4 ]
l = [ 8 2 5 4 8 3 4 10 6 8 3 7 4 10 4 9 4 3 9 4 ]
Pmin = [ 85 19 54 33 84 24 32 100 75 88 28 65 46 100 37 100 41 27 100 42 ]
Pmax = [ 85 19 54 33 84 24 32 100 75 88 28 65 46 100 37 100 41 27 100 42 ]
cf = [ 52.243 31.7039 19.6251 57.1624 27.508 37.876 17.6769 34.8809 57.1102 28.6125 37.8363 62.4597 11.6586 63.1413 65.4094 13.8313 59.7911 53.0898 55.1114 68.6694 ]
c0 = [ 215 72 149 90 213 88 105 250 193 237 90 185 123 250 104 250 118 92 250 114 ]
cp = [ 18.2486 29.3338 31.7462 38.2893 15.8138 38.6505 39.0183 8.86204 23.2195 18.8375 38.7414 23.9598 29.6143 9.38835 25.353 9.74916 28.0074 35.8431 9.5657 26.4684 ]
D = [ 305 355 414 475 535 603 643 687 746 814 883 950 1003 939 829 762 658 566 689 758 849 751 577 481 344 373 444 486 514 585 627 709 761 786 867 880 961 872 794 721 655 549 704 785 906 748 587 412 ]
K = 21
nk = [ -1360000168 32585 -1360000168 32585 0 0 0 0 0 0 0 0 0 0 0 0 0 0 0 0 ]
First = [ 0 0 0 0 0 0 0 0 0 0 0 0 0 0 0 0 0 0 0 0 ]
Last = [ 0 0 0 0 0 0 0 0 0 0 0 0 0 0 0 0 0 0 0 0 ]
nS = 4
S = [ 1 0 0 0 0 0 1 0 0 0 0 1 0 0 0 0 1 0 0 0 ]
