n = 20 ; 
T = 48 ; 
Init = [ 0 1 1 1 0 0 1 0 0 0 0 0 0 1 1 1 0 0 1 0 ]
L = [ 6 5 5 8 9 10 9 8 8 8 2 2 8 5 8 6 5 7 6 6 ]
l = [ 6 5 5 8 9 10 9 8 8 8 2 2 8 5 8 6 5 7 6 6 ]
Pmin = [ 63 50 51 85 97 100 93 85 88 85 16 25 84 54 86 67 58 74 74 59 ]
Pmax = [ 63 50 51 85 97 100 93 85 88 85 16 25 84 54 86 67 58 74 74 59 ]
cf = [ 51.458 52.8954 48.3166 57.5296 52.2336 7.63894 31.9054 18.6798 15.4019 8.45649 47.1348 56.81 60.8682 51.3641 45.5489 24.9454 32.6849 67.3309 28.7466 44.1488 ]
c0 = [ 175 148 134 232 250 250 242 216 224 219 61 75 230 152 224 178 158 197 201 169 ]
cp = [ 26.6406 37.3902 33.884 15.8283 13.0178 10.6392 12.9476 15.7427 13.403 19.0317 37.5859 41.3971 22.6001 27.6856 14.2821 21.8753 34.3334 23.0289 21.5556 26.7108 ]
D = [ 294 1154 1004 28 582 68 418 1113 599 1287 876 188 909 396 1307 516 410 464 774 596 496 268 304 294 1250 1157 691 424 1098 1172 1246 1392 932 857 26 120 924 443 1233 129 337 715 317 1246 1111 230 368 128 ]
K = 21
nk = [ 1961040728 32697 1961040728 32697 0 0 0 0 0 0 0 0 0 0 0 0 0 0 0 0 ]
First = [ 0 0 0 0 0 0 0 0 0 0 0 0 0 0 0 0 0 0 0 0 ]
Last = [ 0 0 0 0 0 0 0 0 0 0 0 0 0 0 0 0 0 0 0 0 ]
nS = 7
S = [ 1 0 0 1 0 0 1 0 0 0 0 0 0 1 1 0 0 1 0 1 ]
