n = 20 ; 
T = 48 ; 
Init = [ 0 0 1 1 0 0 1 0 1 1 0 0 0 0 0 0 0 0 0 0 ]
L = [ 7 6 3 8 3 5 6 5 3 3 3 7 4 7 10 6 4 10 6 3 ]
l = [ 7 6 3 8 3 5 6 5 3 3 3 7 4 7 10 6 4 10 6 3 ]
Pmin = [ 74 66 21 89 39 41 65 50 34 40 36 66 44 84 100 51 47 100 61 28 ]
Pmax = [ 74 66 21 89 39 41 65 50 34 40 36 66 44 84 100 51 47 100 61 28 ]
cf = [ 61.4063 33.6575 40.9761 37.5031 17.0027 48.9942 50.7003 64.549 46.0406 8.64894 22.7382 41.109 14.039 52.4461 24.0188 60.8865 47.8272 8.91168 20.2574 25.0992 ]
c0 = [ 207 172 72 239 121 130 183 137 107 107 97 184 118 219 250 136 134 250 157 80 ]
cp = [ 16.3426 25.1284 40.4314 12.6461 30.8758 38.0158 27.6303 31.6101 30.6787 29.4257 37.0211 21.9283 38.8349 20.7776 8.12961 25.1005 32.4374 8.83283 23.297 33.947 ]
D = [ 52 285 24 217 725 869 332 117 820 366 178 665 847 791 79 1027 412 867 929 1116 897 77 595 1024 896 902 860 497 937 1099 823 988 248 847 69 973 580 401 1090 264 768 132 929 479 923 1008 370 199 ]
K = 21
nk = [ 0 0 0 0 0 0 0 0 0 0 0 0 0 0 0 0 0 0 0 0 ]
First = [ 0 0 0 0 0 0 0 0 0 0 0 0 0 0 0 0 0 0 0 0 ]
Last = [ 0 0 0 0 0 0 0 0 0 0 0 0 0 0 0 0 0 0 0 0 ]
nS = 3
S = [ 1 1 0 0 0 0 0 0 0 0 0 0 0 1 0 0 0 0 0 0 ]
