n = 20 ; 
T = 48 ; 
Init = [ 0 1 1 1 1 0 1 1 1 0 1 1 1 0 0 0 0 1 0 1 ]
L = [ 3 10 2 7 4 2 9 5 5 7 3 7 6 3 8 9 3 6 5 3 ]
l = [ 3 10 2 7 4 2 9 5 5 7 3 7 6 3 8 9 3 6 5 3 ]
Pmin = [ 26 100 19 84 44 23 93 50 62 71 26 63 63 27 97 94 31 69 55 27 ]
Pmax = [ 26 100 19 84 44 23 93 50 62 71 26 63 63 27 97 94 31 69 55 27 ]
cf = [ 56.0968 63.6055 25.0164 61.6783 9.36496 68.3709 65.8672 42.2861 58.7294 26.3437 56.9182 53.7442 7.24379 10.6648 69.6016 11.7847 22.9131 24.198 41.1245 9.78453 ]
c0 = [ 94 250 62 216 117 69 238 140 176 201 86 176 173 89 250 245 95 187 152 82 ]
cp = [ 39.554 12.6652 40.1265 14.0591 37.2989 41.4012 18.4562 26.3356 23.2932 22.3867 37.1692 32.611 28.1822 32.3606 14.8344 18.1835 38.993 28.1357 38.4525 30.301 ]
D = [ 233 288 347 442 489 545 617 669 742 796 856 926 978 871 802 725 639 523 657 773 853 740 569 445 298 344 400 468 512 556 610 692 747 792 841 888 976 851 797 685 626 538 673 785 874 752 570 423 ]
K = 21
nk = [ -1360000168 32585 -1360000168 32585 0 0 0 0 0 0 0 0 0 0 0 0 0 0 0 0 ]
First = [ 0 0 0 0 0 0 0 0 0 0 0 0 0 0 0 0 0 0 0 0 ]
Last = [ 0 0 0 0 0 0 0 0 0 0 0 0 0 0 0 0 0 0 0 0 ]
nS = 7
S = [ 1 0 0 0 1 0 1 1 0 0 0 0 0 0 1 0 0 0 1 1 ]
