n = 20 ; 
T = 48 ; 
Init = [ 1 0 0 1 1 1 0 1 0 1 0 0 1 1 0 0 0 1 1 0 ]
L = [ 4 8 3 2 8 4 8 8 6 10 2 5 3 7 10 7 6 6 7 2 ]
l = [ 4 8 3 2 8 4 8 8 6 10 2 5 3 7 10 7 6 6 7 2 ]
Pmin = [ 42 75 27 31 93 39 90 79 66 100 17 51 26 86 100 81 65 57 85 21 ]
Pmax = [ 42 75 27 31 93 39 90 79 66 100 17 51 26 86 100 81 65 57 85 21 ]
cf = [ 41.9328 22.2444 29.7285 42.3696 62.1081 61.0185 15.2223 26.5214 61.7341 9.14685 55.2726 56.307 17.6646 34.5332 33.2077 21.731 65.4589 58.8969 45.6082 44.9852 ]
c0 = [ 131 193 91 98 235 115 235 208 184 250 74 140 75 231 250 220 169 168 233 78 ]
cp = [ 32.7985 11.5171 40.059 37.4937 13.4523 39.0006 18.6378 13.7107 23.8742 11.0407 41.058 24.7198 29.0735 25.0498 8.22461 23.7319 14.8076 22.8054 20.0874 39.6808 ]
D = [ 1096 717 4 13 386 373 902 588 245 706 377 928 1004 821 388 850 646 548 0 484 590 944 217 799 251 729 1087 162 512 610 904 377 96 908 390 482 49 61 1070 295 767 217 1222 540 1038 379 159 452 ]
K = 21
nk = [ 1961040728 32697 1961040728 32697 0 0 0 0 0 0 0 0 0 0 0 0 0 0 0 0 ]
First = [ 0 0 0 0 0 0 0 0 0 0 0 0 0 0 0 0 0 0 0 0 ]
Last = [ 0 0 0 0 0 0 0 0 0 0 0 0 0 0 0 0 0 0 0 0 ]
nS = 6
S = [ 1 0 0 0 1 0 0 1 0 1 0 1 0 0 0 0 0 0 0 1 ]
