n = 20 ; 
T = 48 ; 
Init = [ 0 1 1 1 0 1 0 1 1 0 1 0 0 0 1 0 0 0 1 1 ]
L = [ 6 5 5 8 9 10 7 3 3 10 5 8 7 4 4 7 8 5 3 3 ]
l = [ 6 5 5 8 9 10 7 3 3 10 5 8 7 4 4 7 8 5 3 3 ]
Pmin = [ 61 51 56 81 100 100 77 26 29 100 56 93 69 35 42 74 86 44 29 30 ]
Pmax = [ 61 51 56 81 100 100 77 26 29 100 56 93 69 35 42 74 86 44 29 30 ]
cf = [ 61.1172 23.6396 17.8676 40.3063 49.8871 16.4999 49.4579 29.4307 45.3548 16.1588 59.9941 25.8963 38.8834 19.5166 16.6617 40.1985 22.2197 16.8199 52.683 34.4725 ]
c0 = [ 173 141 152 222 250 250 196 78 85 250 154 241 184 103 114 205 230 117 97 89 ]
cp = [ 19.7549 27.5097 29.202 18.7599 19.697 8.95126 18.7277 34.7004 36.4865 8.87133 37.8921 18.823 21.5576 28.7973 40.725 16.862 16.9503 34.5052 35.2744 34.0829 ]
D = [ 366 422 439 533 574 617 691 752 791 833 902 963 982 947 834 741 691 600 713 842 945 769 625 514 364 404 449 523 574 608 669 708 761 827 899 940 1020 921 848 798 719 636 739 823 912 787 617 482 ]
K = 21
nk = [ -1360000168 32585 -1360000168 32585 0 0 0 0 0 0 0 0 0 0 0 0 0 0 0 0 ]
First = [ 0 0 0 0 0 0 0 0 0 0 0 0 0 0 0 0 0 0 0 0 ]
Last = [ 0 0 0 0 0 0 0 0 0 0 0 0 0 0 0 0 0 0 0 0 ]
nS = 8
S = [ 1 0 0 1 0 0 0 1 0 1 0 0 0 1 0 0 1 0 1 1 ]
