n = 20 ; 
T = 48 ; 
Init = [ 0 0 0 0 1 1 1 1 1 0 0 0 0 0 0 0 0 1 1 1 ]
L = [ 6 2 2 4 9 8 9 8 4 10 4 8 9 8 7 3 2 7 2 3 ]
l = [ 6 2 2 4 9 8 9 8 4 10 4 8 9 8 7 3 2 7 2 3 ]
Pmin = [ 66 17 18 48 97 81 97 78 33 100 33 80 100 92 67 17 22 66 16 20 ]
Pmax = [ 66 17 18 48 97 81 97 78 33 100 33 80 100 92 67 17 22 66 16 20 ]
cf = [ 18.0518 54.1988 57.5652 59.3286 49.311 8.7218 66.3103 49.0875 18.7381 29.2728 58.5737 45.7749 55.344 9.35175 7.65403 31.8976 27.2315 39.9922 32.7649 54.6366 ]
c0 = [ 179 62 60 134 250 211 250 199 99 250 93 203 250 240 189 58 65 172 61 60 ]
cp = [ 20.0714 41.7678 41.4581 38.2158 14.2038 10.3724 14.6183 13.561 35.0819 8.17199 32.1814 28.4348 18.0298 16.3605 17.2114 38.5747 41.8291 15.2836 40.849 39.7666 ]
D = [ 284 341 367 465 489 544 600 696 754 811 853 927 981 875 791 717 633 586 709 782 924 760 616 463 307 366 441 494 522 591 657 683 750 809 834 901 945 856 787 717 623 557 646 701 810 695 570 451 ]
K = 21
nk = [ -1360000168 32585 -1360000168 32585 0 0 0 0 0 0 0 0 0 0 0 0 0 0 0 0 ]
First = [ 0 0 0 0 0 0 0 0 0 0 0 0 0 0 0 0 0 0 0 0 ]
Last = [ 0 0 0 0 0 0 0 0 0 0 0 0 0 0 0 0 0 0 0 0 ]
nS = 5
S = [ 1 0 0 0 0 0 0 0 1 0 0 0 0 1 0 0 0 1 0 1 ]
