n = 20 ; 
T = 48 ; 
Init = [ 0 0 0 0 0 0 1 1 0 1 1 0 0 0 0 1 0 0 1 0 ]
L = [ 8 5 8 9 4 10 9 2 10 7 5 5 8 8 7 4 5 7 4 10 ]
l = [ 8 5 8 9 4 10 9 2 10 7 5 5 8 8 7 4 5 7 4 10 ]
Pmin = [ 84 41 81 100 33 100 100 22 100 68 48 47 87 87 79 42 60 79 41 100 ]
Pmax = [ 84 41 81 100 33 100 100 22 100 68 48 47 87 87 79 42 60 79 41 100 ]
cf = [ 58.2804 67.9199 25.4278 24.2885 57.2722 17.8559 53.6436 39.6752 54.8744 69.9756 69.4103 49.9418 55.4489 16.924 28.9161 22.5919 62.7703 59.3772 41.3087 8.56715 ]
c0 = [ 232 125 208 250 100 250 250 69 250 192 138 132 237 219 213 125 157 213 114 250 ]
cp = [ 21.1323 33.2424 27.3299 13.8843 25.4844 9.79662 9.89454 41.7863 8.60596 20.6968 29.1747 35.2417 27.2861 16.1144 25.3315 32.5431 27.7484 26.3178 31.5352 12.7256 ]
D = [ 922 126 600 696 211 1383 151 285 917 513 681 657 466 1090 1041 184 1331 678 909 996 677 896 550 354 1117 1037 700 956 801 63 991 324 189 192 1020 401 176 1171 686 1093 285 1367 351 751 1058 1393 935 991 ]
K = 21
nk = [ 1961040728 32697 1961040728 32697 0 0 0 0 0 0 0 0 0 0 0 0 0 0 0 0 ]
First = [ 0 0 0 0 0 0 0 0 0 0 0 0 0 0 0 0 0 0 0 0 ]
Last = [ 0 0 0 0 0 0 0 0 0 0 0 0 0 0 0 0 0 0 0 0 ]
nS = 5
S = [ 1 0 0 1 0 0 0 1 0 0 0 0 0 0 0 1 0 1 0 0 ]
