n = 20 ; 
T = 48 ; 
Init = [ 1 0 0 1 1 1 1 1 0 1 0 1 1 0 1 1 1 0 1 0 ]
L = [ 7 8 9 3 2 4 4 4 6 3 4 4 10 7 3 4 9 9 6 8 ]
l = [ 7 8 9 3 2 4 4 4 6 3 4 4 10 7 3 4 9 9 6 8 ]
Pmin = [ 67 82 94 27 20 48 34 42 56 24 38 44 100 77 32 35 93 100 60 84 ]
Pmax = [ 67 82 94 27 20 48 34 42 56 24 38 44 100 77 32 35 93 100 60 84 ]
cf = [ 42.7209 65.6428 65.0769 64.741 54.7558 67.1801 25.8391 7.59169 32.6394 19.3216 41.2465 13.1448 37.9477 60.7393 7.10087 30.8824 62.5769 10.456 31.628 45.3898 ]
c0 = [ 187 213 243 96 79 127 93 111 162 68 111 136 250 199 104 115 237 250 159 218 ]
cp = [ 27.1117 15.2162 12.0738 30.2777 39.4955 30.1506 30.8316 37.6123 29.6421 39.8601 38.1059 38.8798 9.39071 22.4914 26.7369 17.1161 13.8112 13.957 27.7437 14.3466 ]
D = [ 126 909 609 202 32 351 81 213 146 315 530 802 235 440 706 1112 388 1052 1123 859 121 595 972 689 425 974 1128 289 1037 423 994 7 176 446 209 208 796 290 421 943 605 952 588 840 234 137 795 623 ]
K = 21
nk = [ 1961040728 32697 1961040728 32697 0 0 0 0 0 0 0 0 0 0 0 0 0 0 0 0 ]
First = [ 0 0 0 0 0 0 0 0 0 0 0 0 0 0 0 0 0 0 0 0 ]
Last = [ 0 0 0 0 0 0 0 0 0 0 0 0 0 0 0 0 0 0 0 0 ]
nS = 6
S = [ 1 0 0 0 1 1 1 0 0 0 1 0 1 0 0 0 0 0 0 0 ]
