n = 20 ; 
T = 48 ; 
Init = [ 1 0 1 1 0 1 1 0 1 1 0 1 1 1 1 0 1 0 0 1 ]
L = [ 9 5 4 8 8 5 5 9 9 6 8 7 3 10 10 7 6 7 5 2 ]
l = [ 9 5 4 8 8 5 5 9 9 6 8 7 3 10 10 7 6 7 5 2 ]
Pmin = [ 100 55 43 77 88 64 50 91 100 65 85 80 21 100 100 75 71 81 45 22 ]
Pmax = [ 100 55 43 77 88 64 50 91 100 65 85 80 21 100 100 75 71 81 45 22 ]
cf = [ 37.8514 8.64592 9.41617 64.6991 10.2844 42.796 26.7417 7.47479 7.90377 35.7136 55.606 19.8597 22.7479 26.6036 54.5434 53.5814 38.2928 39.1082 58.9709 24.5823 ]
c0 = [ 250 160 126 207 232 168 147 230 250 174 221 210 75 250 250 196 193 222 126 76 ]
cp = [ 12.3372 24.5483 36.4896 13.9556 11.1838 25.1004 31.5836 17.1684 14.4512 28.3707 17.6525 29.5022 40.0303 9.99817 12.3885 20.8583 21.8383 23.2113 35.6376 36.9659 ]
D = [ 1176 136 882 605 1071 400 906 524 175 1351 1358 867 1388 1412 748 49 802 1191 59 822 422 1149 1110 775 176 764 407 878 71 160 1272 1247 295 742 439 1366 1141 1345 477 1317 1283 422 771 1258 420 106 1306 1222 ]
K = 21
nk = [ 1961040824 32697 1961040824 32697 0 0 0 0 0 0 0 0 0 0 0 0 0 0 0 0 ]
First = [ 0 0 0 0 0 0 0 0 0 0 0 0 0 0 0 0 0 0 0 0 ]
Last = [ 0 0 0 0 0 0 0 0 0 0 0 0 0 0 0 0 0 0 0 0 ]
nS = 3
S = [ 1 0 0 0 0 0 0 0 1 0 0 0 1 0 0 0 0 0 0 0 ]
