n = 20 ; 
T = 48 ; 
Init = [ 1 1 0 1 0 1 1 0 1 1 0 1 1 1 1 1 1 0 1 0 ]
L = [ 4 7 7 4 5 8 8 5 3 6 5 4 9 4 10 10 9 5 2 5 ]
l = [ 4 7 7 4 5 8 8 5 3 6 5 4 9 4 10 10 9 5 2 5 ]
Pmin = [ 35 69 80 44 56 77 92 50 32 65 55 35 100 43 100 100 99 55 13 49 ]
Pmax = [ 35 69 80 44 56 77 92 50 32 65 55 35 100 43 100 100 99 55 13 49 ]
cf = [ 68.3379 62.4846 66.5738 67.9472 44.7243 34.3838 36.5983 30.9393 22.0667 55.7231 35.2095 69.7933 33.8647 8.98047 33.7672 9.11476 61.4259 25.8776 16.0306 12.7672 ]
c0 = [ 110 190 215 125 158 214 249 133 92 168 155 108 250 133 250 250 250 148 44 138 ]
cp = [ 29.8206 27.6701 15.1469 36.524 25.8072 13.6421 16.3383 24.9226 35.9417 21.2948 26.3479 34.0883 11.2613 35.7147 20.4024 9.19363 15.3499 32.3291 41.7522 26.6702 ]
D = [ 280 379 429 476 565 583 656 740 761 835 901 964 1040 965 884 801 709 656 725 846 944 781 630 487 310 405 439 550 585 655 745 788 871 934 988 1035 1103 991 936 788 721 608 724 860 991 837 680 519 ]
K = 21
nk = [ -1360000168 32585 -1360000168 32585 0 0 0 0 0 0 0 0 0 0 0 0 0 0 0 0 ]
First = [ 0 0 0 0 0 0 0 0 0 0 0 0 0 0 0 0 0 0 0 0 ]
Last = [ 0 0 0 0 0 0 0 0 0 0 0 0 0 0 0 0 0 0 0 0 ]
nS = 6
S = [ 1 0 1 0 0 0 0 1 1 1 0 0 1 0 0 0 0 0 0 0 ]
