n = 20 ; 
T = 48 ; 
Init = [ 1 1 0 0 1 1 1 1 0 0 0 0 1 0 1 0 1 1 0 1 ]
L = [ 9 9 4 4 8 3 5 5 8 9 7 3 5 3 9 6 5 5 6 9 ]
l = [ 9 9 4 4 8 3 5 5 8 9 7 3 5 3 9 6 5 5 6 9 ]
Pmin = [ 100 98 41 49 82 27 58 45 86 91 83 38 53 32 100 57 54 50 63 100 ]
Pmax = [ 100 98 41 49 82 27 58 45 86 91 83 38 53 32 100 57 54 50 63 100 ]
cf = [ 63.5795 31.9937 36.7618 39.2504 67.2732 8.39508 17.8476 66.5651 32.1933 61.4476 38.9344 15.0585 10.0347 55.2754 60.6471 65.3025 55.6442 53.009 31.0675 23.4441 ]
c0 = [ 250 248 114 144 226 76 168 129 226 231 212 104 150 98 250 161 157 144 176 250 ]
cp = [ 14.0629 10.2047 26.2282 34.2368 19.11 40.1688 28.7791 32.961 19.6415 11.0235 13.7168 39.884 36.656 38.3578 19.5458 16.7223 18.7915 27.9192 20.7957 9.75178 ]
D = [ 402 462 511 564 625 676 740 775 881 895 1006 1064 1085 1035 915 812 743 656 724 816 909 741 636 434 297 403 452 513 607 650 764 795 894 930 1008 1112 1199 1042 979 871 736 659 745 890 969 841 670 516 ]
K = 21
nk = [ -1360000168 32585 -1360000168 32585 0 0 0 0 0 0 0 0 0 0 0 0 0 0 0 0 ]
First = [ 0 0 0 0 0 0 0 0 0 0 0 0 0 0 0 0 0 0 0 0 ]
Last = [ 0 0 0 0 0 0 0 0 0 0 0 0 0 0 0 0 0 0 0 0 ]
nS = 6
S = [ 1 1 0 1 1 0 0 0 0 0 0 0 0 0 0 0 1 0 0 1 ]
