n = 20 ; 
T = 48 ; 
Init = [ 0 1 1 0 0 0 0 0 0 1 0 0 1 0 1 1 1 1 0 1 ]
L = [ 6 9 10 7 3 8 4 4 6 6 10 6 6 9 4 4 6 9 6 6 ]
l = [ 6 9 10 7 3 8 4 4 6 6 10 6 6 9 4 4 6 9 6 6 ]
Pmin = [ 69 95 100 72 28 86 38 38 61 59 100 53 71 100 36 48 53 100 65 66 ]
Pmax = [ 69 95 100 72 28 86 38 38 61 59 100 53 71 100 36 48 53 100 65 66 ]
cf = [ 13.6008 9.42937 34.5884 53.8266 23.2772 38.3205 26.7605 52.2686 16.0003 14.9225 8.84247 16.4645 49.7007 37.9948 16.2845 66.4624 28.1632 11.8304 23.6232 61.8908 ]
c0 = [ 176 250 250 204 84 235 122 110 170 156 250 155 190 250 98 142 151 250 182 172 ]
cp = [ 18.9263 13.3309 9.54765 13.4319 40.3498 12.6122 34.652 35.3259 20.1474 22.7763 8.53296 26.9304 23.2916 10.5927 27.6971 28.1466 38.4019 14.8764 26.2927 22.6187 ]
D = [ 311 360 452 489 560 673 709 777 857 964 1005 1098 1142 1031 974 842 727 622 723 855 935 828 677 493 337 425 469 548 602 666 744 786 868 943 993 1057 1155 1021 958 842 806 713 773 870 1019 842 650 519 ]
K = 21
nk = [ -1360000072 32585 -1360000072 32585 0 0 0 0 0 0 0 0 0 0 0 0 0 0 0 0 ]
First = [ 0 0 0 0 0 0 0 0 0 0 0 0 0 0 0 0 0 0 0 0 ]
Last = [ 0 0 0 0 0 0 0 0 0 0 0 0 0 0 0 0 0 0 0 0 ]
nS = 5
S = [ 1 0 0 1 0 0 0 0 0 0 0 1 1 0 0 0 0 0 1 0 ]
