n = 20 ; 
T = 48 ; 
Init = [ 1 0 1 1 1 1 0 1 0 1 1 1 1 0 0 0 0 1 1 0 ]
L = [ 6 9 4 5 5 8 9 6 5 2 10 10 7 5 5 10 4 10 8 9 ]
l = [ 6 9 4 5 5 8 9 6 5 2 10 10 7 5 5 10 4 10 8 9 ]
Pmin = [ 63 98 37 53 56 90 100 66 54 25 100 100 78 47 43 100 41 100 83 100 ]
Pmax = [ 63 98 37 53 56 90 100 66 54 25 100 100 78 47 43 100 41 100 83 100 ]
cf = [ 68.8763 67.727 19.1356 30.2448 16.6738 42.0977 35.0256 10.3175 65.0349 12.49 60.0412 21.9029 27.3309 33.1894 40.1881 25.5318 12.7271 16.1939 27.9304 18.3528 ]
c0 = [ 168 250 112 143 167 241 250 169 141 71 250 250 208 131 130 250 129 250 227 250 ]
cp = [ 25.2395 9.46009 38.7839 33.7994 29.2594 12.8866 11.565 24.5033 31.0283 40.1081 11.7821 8.91655 17.4919 36.6087 33.9765 8.87584 37.4664 8.70236 22.4147 10.5989 ]
D = [ 298 399 447 565 621 712 796 851 955 992 1092 1162 1250 1153 1040 963 852 762 829 977 1032 873 681 527 344 464 486 604 637 757 796 901 970 1044 1118 1147 1243 1127 1042 899 825 703 852 978 1131 942 753 531 ]
K = 21
nk = [ -1360000072 32585 -1360000072 32585 0 0 0 0 0 0 0 0 0 0 0 0 0 0 0 0 ]
First = [ 0 0 0 0 0 0 0 0 0 0 0 0 0 0 0 0 0 0 0 0 ]
Last = [ 0 0 0 0 0 0 0 0 0 0 0 0 0 0 0 0 0 0 0 0 ]
nS = 7
S = [ 1 0 0 0 1 0 0 1 0 0 0 1 0 1 0 0 1 0 1 0 ]
