n = 20 ; 
T = 48 ; 
Init = [ 0 0 0 0 1 0 1 1 1 1 0 0 1 1 1 0 1 0 0 0 ]
L = [ 2 3 5 9 4 9 8 7 3 10 6 8 10 8 6 6 9 5 4 8 ]
l = [ 2 3 5 9 4 9 8 7 3 10 6 8 10 8 6 6 9 5 4 8 ]
Pmin = [ 17 23 51 99 32 96 79 77 31 100 64 88 100 90 59 56 100 54 37 83 ]
Pmax = [ 17 23 51 99 32 96 79 77 31 100 64 88 100 90 59 56 100 54 37 83 ]
cf = [ 53.592 35.6434 65.4249 29.5032 52.1693 15.8547 7.79186 35.8274 29.5756 32.3292 64.3621 56.2211 30.6222 10.1653 34.1255 11.0278 7.5274 20.0673 41.9262 42.2292 ]
c0 = [ 62 87 137 250 103 250 218 206 97 250 180 235 250 232 174 151 250 148 102 220 ]
cp = [ 40.3066 35.8334 28.9546 14.7374 39.9187 8.82698 23.1027 23.137 38.4806 12.7658 25.7401 24.1149 10.3419 13.0772 19.6193 26.7384 8.86852 30.9156 25.6083 11.1053 ]
D = [ 327 400 452 528 593 663 700 802 845 904 972 1038 1090 980 892 852 716 674 766 873 1005 829 632 474 278 380 402 502 541 631 679 781 845 881 963 1025 1121 1001 954 873 751 697 829 906 1031 834 662 477 ]
K = 21
nk = [ -1360000168 32585 -1360000168 32585 0 0 0 0 0 0 0 0 0 0 0 0 0 0 0 0 ]
First = [ 0 0 0 0 0 0 0 0 0 0 0 0 0 0 0 0 0 0 0 0 ]
Last = [ 0 0 0 0 0 0 0 0 0 0 0 0 0 0 0 0 0 0 0 0 ]
nS = 5
S = [ 1 0 0 1 0 0 1 0 1 0 0 0 0 0 1 0 0 0 0 0 ]
