n = 10 ; 
T = 10 ; 
Init = [ 1 0 0 1 0 0 0 0 0 1 ]
L = [ 9 6 5 7 10 9 5 4 4 6 ]
l = [ 9 6 5 7 10 9 5 4 4 6 ]
Pmin = [ 91 66 54 81 100 93 48 46 43 61 ]
Pmax = [ 382 243 182 309 420 364 174 158 148 229 ]
cf = [ 17.186 61.5862 31.0597 41.0057 57.1265 27.8129 56.8132 20.6177 55.9544 31.1326 ]
c0 = [ 234 179 155 224 250 250 135 137 122 160 ]
cp = [ 9.08951 21.2235 30.8428 28.6816 8.23406 15.402 33.7267 21.6194 23.7648 21.2259 ]
D = [ 694 862 930 1095 1189 1334 1467 1565 1679 1761 1875 2016 2154 2029 1823 1628 1462 1282 1464 1692 1924 1582 1287 977 ]
K = 11
nk = [ 0 0 0 0 0 0 0 0 0 0 ]
First = [ 1 1 1 1 1 1 1 1 1 1 ]
Last = [ 1 1 1 1 1 1 1 1 1 1 ]
nS = 2
S = [ 1 0 0 0 0 0 0 0 1 0 ]
