n = 10 ; 
T = 10 ; 
Init = [ 1 1 0 1 0 0 0 0 1 1 ]
L = [ 8 8 5 4 10 9 10 2 7 8 ]
l = [ 8 8 5 4 10 9 10 2 7 8 ]
Pmin = [ 83 85 52 35 100 97 100 13 73 86 ]
Pmax = [ 336 351 183 134 420 387 406 33 289 351 ]
cf = [ 40.7357 68.6695 9.93368 9.88502 55.9161 30.4434 43.9229 67.8481 39.2736 67.8656 ]
c0 = [ 228 236 156 103 250 250 250 45 193 232 ]
cp = [ 20.4339 18.4497 30.1392 35.2763 8.43761 12.2994 10.4598 40.4876 14.814 15.0312 ]
D = [ 613 799 873 1012 1243 1349 1518 1622 1779 1956 2059 2185 2316 2121 1967 1838 1580 1494 1693 1879 2113 1772 1362 1061 ]
K = 11
nk = [ -1749514600 32759 -1749514600 32759 0 0 0 0 48 0 ]
First = [ 1 1 1 1 1 1 1 1 1 1 ]
Last = [ 1 1 1 1 1 1 1 1 1 1 ]
nS = 3
S = [ 1 0 0 1 0 0 1 0 0 0 ]
