n = 10 ; 
T = 24 ; 
Init = [ 0 0 0 0 1 0 0 1 1 1 ]
L = [ 9 9 7 7 4 4 4 6 8 5 ]
l = [ 9 9 7 7 4 4 4 6 8 5 ]
Pmin = [ 93 93 80 80 38 35 35 63 94 43 ]
Pmax = [ 386 386 299 299 134 132 132 257 367 164 ]
cf = [ 37.7803 37.7803 32.4567 32.4567 14.7964 58.4976 58.4976 8.81691 9.13956 35.7974 ]
c0 = [ 243 243 209 209 105 116 116 162 238 118 ]
cp = [ 23.0939 23.0939 23.5016 23.5016 38.741 31.3075 31.3075 15.8338 18.4623 29.4407 ]
D = [ 2295 2487 779 530 300 756 648 636 1328 1086 2279 885 2335 755 1202 1868 829 1289 481 1420 2068 714 572 474 ]
K = 7
nk = [ 1 1 2 2 3 4 4 5 6 7 ]
First = [ 1 1 1 1 1 1 1 1 1 1 ]
Last = [ 1 1 1 1 1 1 1 1 1 1 ]
nS = 2
S = [ 1 0 0 0 1 0 0 0 0 0 ]
