n = 10 ; 
T = 10 ; 
Init = [ 0 1 0 0 0 0 0 0 1 1 ]
L = [ 2 3 3 8 5 9 8 2 10 4 ]
l = [ 2 3 3 8 5 9 8 2 10 4 ]
Pmin = [ 21 23 23 79 53 99 94 17 100 39 ]
Pmax = [ 67 79 67 325 192 401 361 49 420 117 ]
cf = [ 67.4137 14.3863 50.6576 13.8527 33.8544 21.6198 29.293 21.0022 57.3128 40.7698 ]
c0 = [ 63 82 76 210 151 250 250 70 250 107 ]
cp = [ 39.0151 36.6703 37.438 16.4085 33.0252 9.39555 22.119 40.7023 8.69701 37.7801 ]
D = [ 432 582 716 853 917 1027 1128 1262 1386 1534 1620 1770 1819 1729 1516 1427 1233 1083 1273 1351 1506 1254 1034 782 ]
K = 11
nk = [ -1749514600 32759 -1749514600 32759 0 0 0 0 48 0 ]
First = [ 1 1 1 1 1 1 1 1 1 1 ]
Last = [ 1 1 1 1 1 1 1 1 1 1 ]
nS = 4
S = [ 1 0 1 0 0 1 0 1 0 0 ]
