n = 10 ; 
T = 10 ; 
Init = [ 0 0 0 0 0 0 0 1 1 0 ]
L = [ 8 8 3 7 6 6 4 2 7 10 ]
l = [ 8 8 3 7 6 6 4 2 7 10 ]
Pmin = [ 85 97 36 68 62 66 41 18 85 100 ]
Pmax = [ 344 368 120 249 224 265 125 39 315 420 ]
cf = [ 41.268 13.6591 51.736 25.5924 14.8405 8.34143 12.1064 40.313 22.5593 59.7554 ]
c0 = [ 224 250 107 179 167 185 121 55 225 250 ]
cp = [ 25.8708 16.2506 37.3804 22.678 27.4549 27.8836 35.9843 38.7955 22.286 8.11297 ]
D = [ 704 763 909 993 1093 1191 1296 1474 1529 1694 1732 1869 2024 1811 1637 1508 1353 1197 1430 1617 1742 1420 1197 903 ]
K = 11
nk = [ -1749514632 32759 -1749514632 32759 0 0 0 0 0 0 ]
First = [ 1 1 1 1 1 1 1 1 1 1 ]
Last = [ 1 1 1 1 1 1 1 1 1 1 ]
nS = 2
S = [ 1 0 0 0 0 0 0 0 1 0 ]
