n = 20 ; 
T = 24 ; 
Init = [ 1 1 1 1 1 1 1 1 1 1 0 0 0 0 1 1 1 1 1 1 ]
L = [ 2 2 2 2 2 3 3 5 5 5 9 9 9 9 5 3 4 10 10 10 ]
l = [ 2 2 2 2 2 3 3 5 5 5 9 9 9 9 5 3 4 10 10 10 ]
Pmin = [ 29 29 29 29 29 30 30 54 54 54 100 100 100 100 52 21 37 100 100 100 ]
Pmax = [ 71 71 71 71 71 94 94 198 198 198 420 420 420 420 198 53 141 420 420 420 ]
cf = [ 48.4803 48.4803 48.4803 48.4803 48.4803 15.4089 15.4089 69.5103 69.5103 69.5103 33.5082 33.5082 33.5082 33.5082 10.2933 51.2845 69.5666 12.1107 12.1107 12.1107 ]
c0 = [ 93 93 93 93 93 85 85 154 154 154 250 250 250 250 156 76 100 250 250 250 ]
cp = [ 40.8078 40.8078 40.8078 40.8078 40.8078 36.8373 36.8373 33.348 33.348 33.348 14.2678 14.2678 14.2678 14.2678 21.5533 30.7239 39.8769 9.49907 9.49907 9.49907 ]
D = [ 1209 1438 1623 1803 1995 2198 2469 2674 2789 3021 3218 3497 3684 3365 3050 2780 2468 2309 2607 2820 3226 2740 2165 1646 ]
K = 8
nk = [ 1 1 1 1 1 2 2 3 3 3 4 4 4 4 5 6 7 8 8 8 ]
First = [ 1 1 1 1 1 1 1 1 1 1 1 1 1 1 1 1 1 1 1 1 ]
Last = [ 1 1 1 1 1 1 1 1 1 1 1 1 1 1 1 1 1 1 1 1 ]
nS = 7
S = [ 1 1 0 0 0 0 1 1 0 0 0 0 0 1 0 0 1 0 0 1 ]
