n = 20 ; 
T = 24 ; 
Init = [ 0 0 1 0 1 1 0 1 0 0 0 0 0 0 1 1 1 0 1 1 ]
L = [ 9 6 4 6 5 4 4 8 3 4 8 9 2 7 8 9 2 9 6 2 ]
l = [ 9 6 4 6 5 4 4 8 3 4 8 9 2 7 8 9 2 9 6 2 ]
Pmin = [ 93 60 39 66 54 41 46 89 37 40 81 100 16 77 79 99 22 89 57 21 ]
Pmax = [ 385 216 143 243 189 151 177 340 120 123 330 380 44 316 309 383 59 359 233 60 ]
cf = [ 20.3686 59.4512 27.6647 38.5004 66.48 60.6747 24.9236 36.8154 21.2341 25.4164 59.7441 60.78 56.0825 46.6444 48.0579 65.4458 51.3548 7.82656 40.4549 62.8783 ]
c0 = [ 248 165 121 186 144 110 129 238 103 113 209 250 70 204 202 250 78 231 160 68 ]
cp = [ 10.4225 21.7463 35.673 25.2605 35.7666 26.6343 36.1402 14.4085 32.5821 33.1373 22.6196 18.5088 40.5293 18.4712 30.4608 13.2879 40.9281 8.81348 18.0798 38.5199 ]
D = [ 1106 1287 1608 1901 1957 2190 2548 2669 2982 3074 3372 3666 3794 3519 3272 3034 2753 2429 2787 3086 3433 2822 2368 1772 ]
K = 21
nk = [ 2059998840 32594 2059998840 32594 0 0 0 0 0 0 0 0 0 0 0 0 0 0 0 0 ]
First = [ 1 1 1 1 1 1 1 1 1 1 1 1 1 1 1 1 1 1 1 1 ]
Last = [ 1 1 1 1 1 1 1 1 1 1 1 1 1 1 1 1 1 1 1 1 ]
nS = 6
S = [ 1 1 0 1 1 1 0 0 0 0 0 1 0 0 0 0 0 0 0 0 ]
