n = 20 ; 
T = 24 ; 
Init = [ 1 1 1 1 1 0 0 0 0 0 0 0 0 0 0 0 0 1 1 1 ]
L = [ 9 9 9 9 9 9 9 10 10 10 10 4 4 4 4 4 10 7 7 7 ]
l = [ 9 9 9 9 9 9 9 10 10 10 10 4 4 4 4 4 10 7 7 7 ]
Pmin = [ 95 95 95 95 95 100 100 100 100 100 100 43 43 43 43 43 100 69 69 69 ]
Pmax = [ 395 395 395 395 395 420 420 420 420 420 420 146 146 146 146 146 420 273 273 273 ]
cf = [ 56.6548 56.6548 56.6548 56.6548 56.6548 44.05 44.05 44.0143 44.0143 44.0143 44.0143 8.66598 8.66598 8.66598 8.66598 8.66598 41.702 58.3976 58.3976 58.3976 ]
c0 = [ 244 244 244 244 244 250 250 250 250 250 250 134 134 134 134 134 250 180 180 180 ]
cp = [ 13.3272 13.3272 13.3272 13.3272 13.3272 9.08224 9.08224 8.63828 8.63828 8.63828 8.63828 27.062 27.062 27.062 27.062 27.062 8.35532 15.7763 15.7763 15.7763 ]
D = [ 1863 2148 2501 2860 3038 3406 3850 3943 4347 4603 5021 5267 5555 5265 4575 4143 3559 3209 3748 4148 4692 3947 3356 2495 ]
K = 6
nk = [ 1 1 1 1 1 2 2 3 3 3 3 4 4 4 4 4 5 6 6 6 ]
First = [ 1 1 1 1 1 1 1 1 1 1 1 1 1 1 1 1 1 1 1 1 ]
Last = [ 1 1 1 1 1 1 1 1 1 1 1 1 1 1 1 1 1 1 1 1 ]
nS = 4
S = [ 1 0 0 1 0 0 0 0 1 0 0 0 0 0 0 0 0 1 0 0 ]
