n = 20 ; 
T = 24 ; 
Init = [ 0 0 0 0 0 0 1 1 1 1 0 0 0 0 0 1 1 1 1 1 ]
L = [ 6 6 6 6 6 6 9 9 9 9 7 7 7 7 3 4 4 4 4 4 ]
l = [ 6 6 6 6 6 6 9 9 9 9 7 7 7 7 3 4 4 4 4 4 ]
Pmin = [ 60 60 60 60 60 60 97 97 97 97 83 83 83 83 18 47 47 47 47 47 ]
Pmax = [ 219 219 219 219 219 219 395 395 395 395 322 322 322 322 57 157 157 157 157 157 ]
cf = [ 35.3937 35.3937 35.3937 35.3937 35.3937 35.3937 13.0271 13.0271 13.0271 13.0271 64.6446 64.6446 64.6446 64.6446 21.9941 50.7737 50.7737 50.7737 50.7737 50.7737 ]
c0 = [ 169 169 169 169 169 169 245 245 245 245 210 210 210 210 54 144 144 144 144 144 ]
cp = [ 24.3396 24.3396 24.3396 24.3396 24.3396 24.3396 8.35608 8.35608 8.35608 8.35608 22.2433 22.2433 22.2433 22.2433 35.9189 29.756 29.756 29.756 29.756 29.756 ]
D = [ 1461 1694 2019 2110 2356 2656 2908 3187 3337 3577 3839 4180 4347 3892 3557 3374 3036 2553 2992 3400 3634 3149 2585 1981 ]
K = 5
nk = [ 1 1 1 1 1 1 2 2 2 2 3 3 3 3 4 5 5 5 5 5 ]
First = [ 1 1 1 1 1 1 1 1 1 1 1 1 1 1 1 1 1 1 1 1 ]
Last = [ 1 1 1 1 1 1 1 1 1 1 1 1 1 1 1 1 1 1 1 1 ]
nS = 6
S = [ 1 0 0 0 0 0 0 0 1 0 0 1 0 0 1 1 0 1 0 0 ]
