n = 20 ; 
T = 24 ; 
Init = [ 0 0 1 0 0 1 0 0 1 1 0 0 0 0 1 1 0 0 0 1 ]
L = [ 8 6 6 3 7 6 2 3 3 4 10 8 6 7 10 8 10 9 4 3 ]
l = [ 8 6 6 3 7 6 2 3 3 4 10 8 6 7 10 8 10 9 4 3 ]
Pmin = [ 88 66 63 24 76 68 19 35 35 43 100 89 62 74 100 77 100 96 43 23 ]
Pmax = [ 358 241 222 76 292 267 42 98 109 141 412 354 252 288 412 315 420 381 163 52 ]
cf = [ 47.837 11.3561 61.8775 49.4691 42.5746 27.5224 56.3795 47.6668 58.8136 8.32223 34.5959 22.5815 41.8917 11.5912 15.2069 32.9044 52.2286 14.9531 52.6264 31.7786 ]
c0 = [ 232 179 176 87 212 188 78 100 110 127 250 244 166 195 250 216 250 250 134 75 ]
cp = [ 16.485 20.7783 20.2865 36.9464 19.2005 30.9266 40.4906 39.8518 40.3951 35.1221 8.33529 24.0933 27.4905 10.3207 9.01845 27.4465 17.4634 10.801 25.4204 39.4807 ]
D = [ 1313 1597 1789 2023 2190 2500 2864 3101 3281 3503 3884 4124 4392 4047 3669 3208 2760 2488 2860 3102 3606 2973 2474 1908 ]
K = 21
nk = [ 0 0 0 0 0 0 0 0 0 0 0 0 0 0 0 0 0 0 0 0 ]
First = [ 1 1 1 1 1 1 1 1 1 1 1 1 1 1 1 1 1 1 1 1 ]
Last = [ 1 1 1 1 1 1 1 1 1 1 1 1 1 1 1 1 1 1 1 1 ]
nS = 8
S = [ 1 0 1 0 1 0 0 1 1 0 1 0 1 1 0 0 0 0 0 0 ]
