n = 20 ; 
T = 24 ; 
Init = [ 0 1 1 1 1 0 0 0 0 0 0 0 0 0 0 0 0 0 0 0 ]
L = [ 8 4 4 4 4 4 4 4 4 4 4 4 4 4 4 4 10 4 4 4 ]
l = [ 8 4 4 4 4 4 4 4 4 4 4 4 4 4 4 4 10 4 4 4 ]
Pmin = [ 87 47 47 47 47 37 37 37 37 37 37 33 33 33 33 33 100 34 34 34 ]
Pmax = [ 340 160 160 160 160 112 112 112 112 112 112 116 116 116 116 116 420 114 114 114 ]
cf = [ 58.3259 55.6352 55.6352 55.6352 55.6352 8.84082 8.84082 8.84082 8.84082 8.84082 8.84082 30.6962 30.6962 30.6962 30.6962 30.6962 11.3554 34.8564 34.8564 34.8564 ]
c0 = [ 241 132 132 132 132 111 111 111 111 111 111 100 100 100 100 100 250 114 114 114 ]
cp = [ 15.4862 29.4358 29.4358 29.4358 29.4358 37.8835 37.8835 37.8835 37.8835 37.8835 37.8835 33.6253 33.6253 33.6253 33.6253 33.6253 16.9991 30.3893 30.3893 30.3893 ]
D = [ 714 892 1034 1167 1242 1465 1563 1775 1903 2090 2224 2324 2544 2276 2056 1908 1581 1393 1740 1958 2204 1834 1545 1134 ]
K = 6
nk = [ 1 2 2 2 2 3 3 3 3 3 3 4 4 4 4 4 5 6 6 6 ]
First = [ 1 1 1 1 1 1 1 1 1 1 1 1 1 1 1 1 1 1 1 1 ]
Last = [ 1 1 1 1 1 1 1 1 1 1 1 1 1 1 1 1 1 1 1 1 ]
nS = 6
S = [ 1 0 0 0 0 0 1 0 1 1 0 0 0 0 0 0 0 0 1 1 ]
