n = 20 ; 
T = 24 ; 
Init = [ 1 1 0 1 0 0 1 1 0 1 0 1 0 1 0 0 1 0 1 0 ]
L = [ 10 8 4 8 7 10 2 9 8 8 7 10 4 4 3 5 3 9 7 4 ]
l = [ 10 8 4 8 7 10 2 9 8 8 7 10 4 4 3 5 3 9 7 4 ]
Pmin = [ 100 86 32 83 77 100 24 93 79 81 78 100 34 47 25 56 28 96 62 48 ]
Pmax = [ 410 338 121 335 284 420 68 377 328 325 285 420 122 170 69 201 72 393 252 158 ]
cf = [ 33.3817 17.1823 51.7907 53.6586 48.6257 30.5348 35.9713 43.856 48.4589 41.5444 39.1381 24.1361 10.5791 29.4023 32.3817 26.4936 31.0591 55.545 13.2641 59.8948 ]
c0 = [ 250 229 105 213 200 250 77 250 210 214 205 250 94 132 84 165 92 244 164 139 ]
cp = [ 9.93868 15.0383 35.3898 13.8572 18.9877 11.7209 37.2625 15.4196 15.6094 21.9616 22.111 8.44099 35.2206 34.5649 32.7508 20.9879 38.4602 12.0675 24.996 28.8111 ]
D = [ 1450 1660 1842 2207 2291 2540 2852 3010 3313 3543 3732 3960 4138 3908 3488 3205 2884 2623 3116 3613 4177 3282 2618 1778 ]
K = 21
nk = [ 0 0 0 0 0 0 0 0 0 0 0 0 0 0 0 0 0 0 0 0 ]
First = [ 1 1 1 1 1 1 1 1 1 1 1 1 1 1 1 1 1 1 1 1 ]
Last = [ 1 1 1 1 1 1 1 1 1 1 1 1 1 1 1 1 1 1 1 1 ]
nS = 9
S = [ 1 1 0 1 1 0 0 1 0 0 0 1 1 0 0 0 1 1 0 0 ]
