n = 20 ; 
T = 24 ; 
Init = [ 0 1 0 0 1 0 1 0 0 0 0 0 1 1 1 1 0 1 0 1 ]
L = [ 9 10 5 8 7 9 9 9 5 3 3 6 9 4 5 3 4 9 9 5 ]
l = [ 9 10 5 8 7 9 9 9 5 3 3 6 9 4 5 3 4 9 9 5 ]
Pmin = [ 99 100 46 85 76 97 94 95 45 28 30 64 93 40 42 32 48 96 100 55 ]
Pmax = [ 390 420 179 330 284 382 391 386 170 96 113 251 365 150 166 92 169 368 404 189 ]
cf = [ 38.1219 10.446 28.2932 14.6027 25.8086 28.6736 67.1538 65.2495 20.5156 54.4392 55.0116 54.2518 40.5605 29.3629 26.9725 63.3527 7.69968 63.9868 69.1416 68.1111 ]
c0 = [ 250 250 133 226 201 250 248 240 140 98 104 177 250 109 115 104 142 246 250 142 ]
cp = [ 8.5693 8.33387 23.3341 21.7707 16.4622 9.397 15.842 19.1256 31.3852 38.8699 33.7304 22.9423 13.8686 27.7929 23.2829 36.0643 32.0945 11.1058 10.0226 31.2975 ]
D = [ 1542 1776 2025 2305 2517 2783 3060 3246 3540 3732 3957 4321 4451 4192 3779 3323 2952 2610 3204 3745 4228 3476 2827 2007 ]
K = 21
nk = [ 2059998840 32594 2059998840 32594 0 0 0 0 0 0 0 0 0 0 0 0 0 0 0 0 ]
First = [ 1 1 1 1 1 1 1 1 1 1 1 1 1 1 1 1 1 1 1 1 ]
Last = [ 1 1 1 1 1 1 1 1 1 1 1 1 1 1 1 1 1 1 1 1 ]
nS = 4
S = [ 1 0 0 0 0 1 0 0 0 1 0 0 0 0 1 0 0 0 0 0 ]
