n = 20 ; 
T = 24 ; 
Init = [ 1 0 1 0 1 0 1 0 1 0 0 1 1 0 0 0 1 1 0 1 ]
L = [ 5 4 4 2 4 8 10 7 6 2 9 3 5 3 7 5 4 3 2 5 ]
l = [ 5 4 4 2 4 8 10 7 6 2 9 3 5 3 7 5 4 3 2 5 ]
Pmin = [ 52 41 43 22 42 90 100 77 62 23 100 39 39 30 76 50 38 23 23 56 ]
Pmax = [ 181 129 134 46 155 349 420 311 231 45 403 127 152 83 283 176 139 75 59 215 ]
cf = [ 16.1626 46.47 54.285 17.8089 34.0465 41.7857 59.6966 49.6682 55.0603 34.5418 7.35898 23.2325 65.7317 23.1523 58.6363 61.9441 13.581 52.5275 9.98306 47.7979 ]
c0 = [ 146 119 120 75 133 246 250 199 172 79 250 110 114 97 195 149 110 68 66 146 ]
cp = [ 36.6877 30.3403 29.0011 39.3815 34.6288 21.7635 8.17516 17.7875 18.8153 40.9762 13.6628 33.1604 32.4947 29.5359 30.314 17.4569 20.5449 39.5261 41.2537 25.5524 ]
D = [ 1136 1198 1446 1639 1793 1941 2075 2188 2392 2554 2803 2944 3051 2857 2634 2409 2141 1944 2183 2603 2843 2408 1907 1403 ]
K = 21
nk = [ 2059998840 32594 2059998840 32594 0 0 0 0 0 0 0 0 0 0 0 0 0 0 0 0 ]
First = [ 1 1 1 1 1 1 1 1 1 1 1 1 1 1 1 1 1 1 1 1 ]
Last = [ 1 1 1 1 1 1 1 1 1 1 1 1 1 1 1 1 1 1 1 1 ]
nS = 4
S = [ 1 0 0 0 0 0 1 0 0 1 0 0 0 0 0 0 0 1 0 0 ]
