n = 20 ; 
T = 24 ; 
Init = [ 0 0 1 0 1 1 0 0 1 1 0 0 0 0 0 0 0 1 1 1 ]
L = [ 9 3 4 3 3 2 8 5 5 3 9 6 9 8 9 4 3 5 7 2 ]
l = [ 9 3 4 3 3 2 8 5 5 3 9 6 9 8 9 4 3 5 7 2 ]
Pmin = [ 100 35 42 25 32 23 82 45 49 30 89 56 92 87 100 35 29 50 73 22 ]
Pmax = [ 393 118 136 77 107 50 331 176 174 100 373 218 375 339 416 139 104 196 276 65 ]
cf = [ 37.3129 27.4656 14.6043 54.2079 66.0743 8.89962 54.6852 14.3893 18.3175 32.1243 40.4388 17.5064 48.6416 69.8099 26.3662 68.6729 30.8806 21.5826 55.1896 8.03905 ]
c0 = [ 250 99 121 73 94 74 228 136 141 90 240 152 248 229 250 100 87 132 192 84 ]
cp = [ 14.6181 36.07 32.2878 39.7428 40.4416 40.8229 26.8223 29.1158 28.027 39.7486 13.8857 29.9947 10.8812 11.6227 9.54986 39.1448 38.4435 36.298 20.6693 41.7871 ]
D = [ 1046 1296 1400 1585 1810 2002 2229 2541 2718 2935 3231 3342 3600 3278 3002 2754 2359 2136 2421 2695 3091 2633 2058 1540 ]
K = 21
nk = [ 2059998840 32594 2059998840 32594 0 0 0 0 0 0 0 0 0 0 0 0 0 0 0 0 ]
First = [ 1 1 1 1 1 1 1 1 1 1 1 1 1 1 1 1 1 1 1 1 ]
Last = [ 1 1 1 1 1 1 1 1 1 1 1 1 1 1 1 1 1 1 1 1 ]
nS = 10
S = [ 1 0 0 0 0 0 1 0 1 1 0 1 0 1 1 0 1 0 1 1 ]
