n = 20 ; 
T = 48 ; 
Init = [ 0 0 1 1 0 1 0 1 0 0 0 0 1 0 1 0 0 1 1 0 ]
L = [ 9 7 6 3 6 10 5 3 7 3 8 7 4 3 3 4 8 4 9 7 ]
l = [ 9 7 6 3 6 10 5 3 7 3 8 7 4 3 3 4 8 4 9 7 ]
Pmin = [ 93 76 57 39 68 100 52 22 75 23 87 71 36 30 19 33 96 35 97 82 ]
Pmax = [ 370 288 201 124 278 407 190 77 293 60 336 269 114 88 53 105 362 116 373 308 ]
cf = [ 43.813 52.7307 38.6112 22.4674 32.2762 63.013 59.1691 29.2213 34.314 47.1959 19.4064 7.46135 20.41 16.3368 51.0117 54.8606 13.9978 40.654 69.5844 29.707 ]
c0 = [ 246 205 168 120 186 250 153 69 195 70 236 195 116 95 67 111 250 117 243 227 ]
cp = [ 17.7492 29.2349 20.1205 30.0073 21.0524 10.247 31.0181 33.2181 16.2836 36.3262 26.5004 29.7576 30.8468 39.0987 39.0598 35.1412 11.4361 32.2713 8.24152 12.2391 ]
D = [ 1226 1450 1711 1873 2109 2345 2449 2710 2907 3142 3430 3536 3761 3442 3217 2955 2559 2300 2526 2923 3213 2721 2099 1560 869 1237 1415 1696 1932 2056 2357 2613 2801 3145 3382 3588 3828 3422 3280 2973 2648 2374 2529 2804 3162 2644 2138 1661 ]
K = 21
nk = [ 0 1 2 3 4 5 6 7 8 9 10 11 12 13 14 15 16 17 18 19 ]
First = [ 0 0 0 0 0 0 0 0 0 0 0 0 0 0 0 0 0 0 0 0 ]
Last = [ 0 0 0 0 0 0 0 0 0 0 0 0 0 0 0 0 0 0 0 0 ]
nS = 8
S = [ 1 1 1 0 0 0 0 1 1 0 0 0 0 1 0 0 0 1 1 0 ]
