n = 20 ; 
T = 48 ; 
Init = [ 0 0 1 0 0 0 0 1 0 0 0 1 0 0 0 0 1 1 1 0 ]
L = [ 2 10 4 5 5 5 9 3 3 4 6 6 10 6 9 7 9 8 3 8 ]
l = [ 2 10 4 5 5 5 9 3 3 4 6 6 10 6 9 7 9 8 3 8 ]
Pmin = [ 17 100 39 47 56 43 89 31 27 42 55 59 100 71 88 73 96 85 32 83 ]
Pmax = [ 45 413 145 161 194 168 351 105 68 155 209 234 420 265 349 276 366 329 108 340 ]
cf = [ 30.6767 39.5466 61.7982 64.9466 20.4924 29.1622 40.2065 13.2043 68.1189 68.1025 24.3544 31.2207 49.6701 61.3321 8.35852 62.2431 37.277 19.74 39.0975 63.4934 ]
c0 = [ 61 250 117 137 148 127 228 98 85 124 152 171 250 195 232 201 250 215 90 224 ]
cp = [ 40.5864 9.03176 36.2272 31.4313 22.5196 32.5664 16.3735 37.8653 39.4807 28.2522 16.73 18.3806 9.8044 25.7473 10.8875 20.2789 10.3931 21.4652 35.8692 21.3349 ]
D = [ 1248 1536 1746 1954 2248 2560 2721 2854 3232 3402 3590 3806 4009 3747 3382 3028 2824 2479 2871 3205 3582 3004 2509 1891 1221 1526 1804 2050 2333 2586 2707 3071 3252 3461 3783 3902 4256 3962 3450 3079 2745 2392 2863 3230 3624 2918 2339 1773 ]
K = 21
nk = [ 0 1 2 3 4 5 6 7 8 9 10 11 12 13 14 15 16 17 18 19 ]
First = [ 0 0 0 0 0 0 0 0 0 0 0 0 0 0 0 0 0 0 0 0 ]
Last = [ 0 0 0 0 0 0 0 0 0 0 0 0 0 0 0 0 0 0 0 0 ]
nS = 6
S = [ 1 0 1 0 1 0 0 1 0 0 1 0 0 0 0 0 1 0 0 0 ]
