n = 20 ; 
T = 48 ; 
Init = [ 1 0 1 1 0 0 1 0 1 1 0 0 0 0 0 0 1 0 0 0 ]
L = [ 7 4 10 8 9 3 3 8 6 5 8 10 3 6 6 5 6 10 6 6 ]
l = [ 7 4 10 8 9 3 3 8 6 5 8 10 3 6 6 5 6 10 6 6 ]
Pmin = [ 80 37 100 87 93 33 28 87 60 50 81 100 33 63 65 46 59 100 65 59 ]
Pmax = [ 297 130 420 358 372 124 91 333 235 179 305 420 99 229 243 170 218 420 233 223 ]
cf = [ 63.8029 33.1609 48.4859 49.0792 19.1903 22.2311 9.54509 59.5595 51.959 61.5674 22.81 43.7222 51.8446 43.7633 25.8849 50.6064 8.82816 10.6785 68.7193 63.7214 ]
c0 = [ 221 119 250 235 250 99 95 226 172 149 217 250 97 170 185 137 163 250 178 166 ]
cp = [ 21.3153 31.751 8.69139 16.4092 12.7903 40.2835 36.905 17.1373 28.9543 23.4284 11.333 12.1005 39.5206 32.174 21.5951 21.4214 34.8651 8.92839 30.0089 36.0665 ]
D = [ 1509 1822 1909 2258 2413 2723 2915 3175 3330 3524 3687 4057 4209 3775 3565 3193 2837 2490 2960 3598 4008 3411 2766 2035 1408 1534 1746 2125 2316 2652 2756 3031 3333 3472 3677 3947 4227 3814 3657 3275 2982 2578 3082 3479 3768 3196 2494 1823 ]
K = 21
nk = [ 0 1 2 3 4 5 6 7 8 9 10 11 12 13 14 15 16 17 18 19 ]
First = [ 0 0 0 0 0 0 0 0 0 0 0 0 0 0 0 0 0 0 0 0 ]
Last = [ 0 0 0 0 0 0 0 0 0 0 0 0 0 0 0 0 0 0 0 0 ]
nS = 7
S = [ 1 0 0 0 0 1 0 0 1 0 0 0 1 0 0 1 0 1 0 1 ]
