n = 20 ; 
T = 48 ; 
Init = [ 0 1 1 0 1 1 1 1 1 0 1 1 1 1 1 0 1 0 1 0 ]
L = [ 7 10 5 7 3 4 3 8 9 4 10 8 9 9 4 10 7 6 8 3 ]
l = [ 7 10 5 7 3 4 3 8 9 4 10 8 9 9 4 10 7 6 8 3 ]
Pmin = [ 79 100 54 67 24 53 24 83 98 33 100 90 90 100 51 100 67 63 85 27 ]
Pmax = [ 303 420 189 272 53 177 87 338 379 123 420 358 355 402 172 420 258 249 317 84 ]
cf = [ 66.7629 9.53388 37.4031 39.1827 41.8657 29.8983 23.9681 9.96785 46.4476 18.0114 41.9365 14.7387 41.2263 33.4853 56.9437 49.6158 14.0322 57.8825 61.4848 7.56726 ]
c0 = [ 212 250 159 186 71 153 70 214 250 92 250 240 237 250 148 250 175 179 227 98 ]
cp = [ 27.1247 8.23017 30.6545 27.2281 39.6433 37.3488 37.5076 18.9085 13.2681 32.2208 13.5006 10.5958 13.1836 11.8464 20.4469 8.22058 15.6391 33.041 22.2833 40.1564 ]
D = [ 1496 1854 2052 2189 2518 2788 2917 3265 3416 3765 3908 4233 4562 4032 3641 3462 3014 2530 3065 3429 4078 3266 2616 2093 1498 1689 1801 2218 2361 2579 2863 3246 3346 3733 4019 4222 4506 4026 3682 3400 2908 2550 3103 3626 4249 3485 2761 1999 ]
K = 21
nk = [ 0 1 2 3 4 5 6 7 8 9 10 11 12 13 14 15 16 17 18 19 ]
First = [ 0 0 0 0 0 0 0 0 0 0 0 0 0 0 0 0 0 0 0 0 ]
Last = [ 0 0 0 0 0 0 0 0 0 0 0 0 0 0 0 0 0 0 0 0 ]
nS = 5
S = [ 1 0 0 0 0 1 0 0 1 0 0 0 0 1 0 0 1 0 0 0 ]
