n = 20 ; 
T = 48 ; 
Init = [ 0 0 0 0 0 0 0 1 1 0 1 0 0 1 1 0 1 1 0 1 ]
L = [ 5 8 4 4 7 7 8 10 4 6 9 7 6 7 5 9 6 3 6 8 ]
l = [ 5 8 4 4 7 7 8 10 4 6 9 7 6 7 5 9 6 3 6 8 ]
Pmin = [ 59 81 35 32 77 81 89 100 29 58 97 72 63 71 51 93 65 32 65 83 ]
Pmax = [ 221 338 103 125 290 303 356 420 109 229 391 267 241 272 204 378 260 92 262 334 ]
cf = [ 9.29328 33.3136 39.6774 40.6698 65.5145 43.646 57.3472 12.9779 28.8601 69.1678 30.4607 19.2806 14.7538 64.176 47.2366 31.6556 57.7141 31.9782 27.9226 51.1811 ]
c0 = [ 171 208 106 98 200 225 241 250 100 158 250 193 172 197 142 236 179 105 168 224 ]
cp = [ 32.9673 19.9266 32.7624 28.3561 14.3552 18.6496 12.1944 9.03053 24.3299 32.011 9.5376 30.2848 20.8281 19.0268 18.897 16.7919 20.8074 29.8189 27.2664 15.7312 ]
D = [ 1457 1652 1949 2132 2366 2589 2844 3158 3401 3660 3847 4019 4322 3987 3626 3270 2807 2617 2969 3184 3661 2952 2451 1833 992 1456 1622 1936 2255 2577 2890 3196 3331 3723 4038 4197 4542 4109 3861 3328 3093 2631 3043 3610 3978 3342 2708 2114 ]
K = 21
nk = [ 0 1 2 3 4 5 6 7 8 9 10 11 12 13 14 15 16 17 18 19 ]
First = [ 0 0 0 0 0 0 0 0 0 0 0 0 0 0 0 0 0 0 0 0 ]
Last = [ 0 0 0 0 0 0 0 0 0 0 0 0 0 0 0 0 0 0 0 0 ]
nS = 5
S = [ 1 0 0 0 0 1 0 1 0 0 0 0 0 1 0 0 0 0 0 1 ]
