n = 20 ; 
T = 48 ; 
Init = [ 1 1 0 0 0 1 0 1 1 1 1 0 0 1 0 0 0 1 0 0 ]
L = [ 2 7 10 7 7 4 7 5 7 5 5 4 5 6 7 10 9 2 7 8 ]
l = [ 2 7 10 7 7 4 7 5 7 5 5 4 5 6 7 10 9 2 7 8 ]
Pmin = [ 16 87 100 76 81 41 69 39 83 55 59 36 55 67 84 100 94 18 75 94 ]
Pmax = [ 52 322 420 277 301 150 279 152 308 186 216 133 196 249 320 420 368 33 293 373 ]
cf = [ 68.7973 59.7589 59.4287 51.6487 39.3544 43.133 9.28454 16.6752 28.1311 38.6999 52.7294 51.8862 53.3053 33.3673 32.1452 36.2818 69.1923 9.6712 34.3304 57.1843 ]
c0 = [ 57 223 250 208 221 122 191 126 227 146 173 116 147 178 230 250 250 55 194 250 ]
cp = [ 40.2658 16.1336 8.42562 17.9805 16.688 24.1659 23.5566 29.4429 27.1592 25.5243 24.1059 32.2566 27.4987 17.7765 22.0426 8.71486 15.4734 41.5541 13.8568 13.6039 ]
D = [ 1129 1384 1615 1918 2194 2524 2693 2941 3270 3414 3825 3964 4201 3818 3581 3238 2900 2459 2941 3361 3938 3337 2564 2056 1352 1584 1811 2017 2422 2692 2914 3188 3367 3577 3920 4185 4344 4108 3692 3164 2845 2439 2837 3339 3858 3196 2393 1725 ]
K = 21
nk = [ 0 1 2 3 4 5 6 7 8 9 10 11 12 13 14 15 16 17 18 19 ]
First = [ 0 0 0 0 0 0 0 0 0 0 0 0 0 0 0 0 0 0 0 0 ]
Last = [ 0 0 0 0 0 0 0 0 0 0 0 0 0 0 0 0 0 0 0 0 ]
nS = 5
S = [ 1 0 0 0 0 0 1 0 0 0 0 0 1 0 1 0 0 1 0 0 ]
