n = 20 ; 
T = 48 ; 
Init = [ 0 0 0 1 1 0 0 0 1 1 0 1 1 0 1 0 0 0 1 1 ]
L = [ 2 9 9 9 4 5 4 10 2 5 8 3 4 2 9 5 8 8 7 10 ]
l = [ 2 9 9 9 4 5 4 10 2 5 8 3 4 2 9 5 8 8 7 10 ]
Pmin = [ 22 96 95 94 37 50 38 100 17 64 95 37 41 22 85 49 86 88 74 100 ]
Pmax = [ 53 404 397 375 144 166 135 420 49 223 358 108 135 45 351 190 325 359 303 420 ]
cf = [ 62.9336 46.8611 28.5799 44.9132 37.9868 30.7576 57.0768 30.3442 45.1081 59.9506 34.7418 44.8475 54.9343 60.5044 51.4852 22.7681 27.7536 31.7557 55.2083 48.2044 ]
c0 = [ 86 250 247 237 111 141 118 250 59 184 242 100 130 68 224 129 221 242 201 250 ]
cp = [ 41.4043 9.55197 10.2296 10.0103 31.0343 19.7223 31.2085 11.4538 40.6005 32.5997 12.7696 34.5035 25.5883 41.5024 17.903 26.2465 20.3199 19.3224 16.987 8.49723 ]
D = [ 1110 1395 1645 1836 2068 2471 2555 2934 3081 3414 3574 3896 4114 3839 3460 3176 3020 2673 2846 3331 3579 2978 2399 1977 1354 1509 1829 2089 2248 2513 2559 2874 3175 3353 3568 3757 4047 3641 3502 3123 2839 2519 2951 3288 3684 3035 2452 1762 ]
K = 21
nk = [ 0 1 2 3 4 5 6 7 8 9 10 11 12 13 14 15 16 17 18 19 ]
First = [ 0 0 0 0 0 0 0 0 0 0 0 0 0 0 0 0 0 0 0 0 ]
Last = [ 0 0 0 0 0 0 0 0 0 0 0 0 0 0 0 0 0 0 0 0 ]
nS = 5
S = [ 1 0 0 0 0 1 0 0 1 0 0 0 1 0 0 0 0 1 0 0 ]
