n = 20 ; 
T = 48 ; 
Init = [ 1 0 0 1 0 0 1 0 0 0 0 0 0 1 0 1 0 1 0 1 ]
L = [ 4 6 8 10 3 6 8 2 9 5 2 8 6 7 4 5 4 7 4 7 ]
l = [ 4 6 8 10 3 6 8 2 9 5 2 8 6 7 4 5 4 7 4 7 ]
Pmin = [ 36 69 88 100 32 70 83 17 99 43 14 84 57 72 41 50 37 82 44 79 ]
Pmax = [ 130 256 333 419 85 250 314 40 395 161 36 339 207 273 136 195 135 304 151 319 ]
cf = [ 15.1343 64.5022 43.3262 58.3354 40.9554 22.2886 9.94273 59.29 20.8616 50.2445 8.41313 38.2152 31.3024 57.8047 60.3922 14.5196 66.3164 54.4871 31.7036 68.8085 ]
c0 = [ 104 190 239 250 103 181 230 57 248 125 66 219 153 201 110 135 118 227 130 206 ]
cp = [ 39.6169 31.2424 17.1498 9.19584 38.6335 23.2922 21.8695 41.8471 14.1564 29.9804 40.5117 17.5954 19.4956 26.3188 22.571 32.2009 33.1828 29.7605 26.2081 22.6872 ]
D = [ 1018 1300 1411 1693 1932 2170 2414 2615 2972 3079 3410 3534 3786 3520 3157 2935 2550 2272 2517 2874 3269 2681 2125 1604 1034 1269 1444 1639 1931 2156 2357 2654 2890 3060 3301 3413 3680 3477 3093 2725 2484 2202 2671 3015 3533 2863 2286 1782 ]
K = 21
nk = [ 0 1 2 3 4 5 6 7 8 9 10 11 12 13 14 15 16 17 18 19 ]
First = [ 0 0 0 0 0 0 0 0 0 0 0 0 0 0 0 0 0 0 0 0 ]
Last = [ 0 0 0 0 0 0 0 0 0 0 0 0 0 0 0 0 0 0 0 0 ]
nS = 8
S = [ 1 0 1 0 0 1 0 0 1 0 1 0 1 0 0 0 0 1 0 1 ]
