n = 20 ; 
T = 24 ; 
Init = [ 1 0 1 0 1 0 1 1 0 0 1 0 1 1 1 0 1 1 0 0 ]
L = [ 10 8 7 7 8 9 8 9 9 4 3 3 6 9 7 9 7 5 4 3 ]
l = [ 10 8 7 7 8 9 8 9 9 4 3 3 6 9 7 9 7 5 4 3 ]
Pmin = [ 100 86 73 66 80 94 85 95 98 32 26 38 71 88 78 100 76 49 35 28 ]
Pmax = [ 420 345 284 268 324 381 329 393 376 117 96 130 273 349 298 417 279 192 123 103 ]
cf = [ 64.7952 53.3494 12.859 35.3661 18.077 52.5148 47.9928 13.1215 62.8886 9.35467 20.2618 11.4538 11.6456 24.251 13.3523 20.0036 7.60608 56.485 55.0236 40.1629 ]
c0 = [ 250 218 187 171 205 250 228 250 250 107 91 124 187 227 200 250 207 145 110 91 ]
cp = [ 10.4974 14.3929 24.728 25.3068 20.1945 11.6169 16.3459 8.72535 12.2902 26.9903 37.9986 34.158 21.8506 9.89254 20.0489 11.8346 24.5679 27.0422 31.542 37.9291 ]
D = [ 3850 3150 2874 5495 4770 3679 2902 2932 2281 1160 651 1827 5204 1162 4302 674 5134 2382 1208 4513 2587 2365 4902 2992 ]
K = 21
nk = [ 0 0 0 0 0 0 0 0 0 0 0 0 0 0 0 0 0 0 0 0 ]
First = [ 1 1 1 1 1 1 1 1 1 1 1 1 1 1 1 1 1 1 1 1 ]
Last = [ 1 1 1 1 1 1 1 1 1 1 1 1 1 1 1 1 1 1 1 1 ]
nS = 2
S = [ 1 0 0 0 0 0 0 0 0 0 1 0 0 0 0 0 0 0 0 0 ]
