n = 20 ; 
T = 24 ; 
Init = [ 0 0 0 0 1 1 1 0 1 1 0 0 1 0 0 1 0 1 0 1 ]
L = [ 4 10 9 2 10 7 6 2 6 2 9 8 7 4 5 3 5 5 3 4 ]
l = [ 4 10 9 2 10 7 6 2 6 2 9 8 7 4 5 3 5 5 3 4 ]
Pmin = [ 37 100 88 17 100 75 55 26 67 12 100 85 82 46 48 38 45 47 30 43 ]
Pmax = [ 118 420 365 40 420 287 219 58 242 38 396 352 319 144 181 114 162 175 105 171 ]
cf = [ 37.8272 24.9069 23.9245 11.4352 24.4773 41.7908 8.07288 56.6937 61.7533 24.5431 61.9202 41.0245 31.8556 24.5967 13.3834 22.6796 68.437 30.4879 13.9569 21.085 ]
c0 = [ 113 250 230 63 250 205 149 91 177 46 250 234 209 136 132 115 126 133 94 119 ]
cp = [ 30.8113 8.75102 15.8322 40.8538 12.6348 16.9688 30.4897 40.4545 26.7929 39.8812 11.4857 17.8713 19.7152 31.8604 31.6437 35.5045 26.1902 28.3891 35.9451 31.6412 ]
D = [ 2744 3397 545 3191 2294 1985 1188 3646 4012 3464 163 1803 367 1325 2108 1568 3714 2181 654 3147 3386 99 1158 767 ]
K = 21
nk = [ 1863292536 32614 1863292536 32614 0 0 0 0 0 0 0 0 0 0 0 0 0 0 0 0 ]
First = [ 1 1 1 1 1 1 1 1 1 1 1 1 1 1 1 1 1 1 1 1 ]
Last = [ 1 1 1 1 1 1 1 1 1 1 1 1 1 1 1 1 1 1 1 1 ]
nS = 2
S = [ 1 0 0 0 0 0 0 0 0 0 1 0 0 0 0 0 0 0 0 0 ]
