n = 20 ; 
T = 24 ; 
Init = [ 1 0 0 1 1 0 1 1 0 1 0 0 1 0 1 1 0 1 1 1 ]
L = [ 4 7 8 6 10 10 5 5 8 8 8 7 3 4 2 6 10 6 7 10 ]
l = [ 4 7 8 6 10 10 5 5 8 8 8 7 3 4 2 6 10 6 7 10 ]
Pmin = [ 45 69 83 67 100 100 51 59 89 79 84 82 26 43 23 68 100 67 71 100 ]
Pmax = [ 154 272 336 253 420 420 198 212 337 320 338 308 84 137 65 258 420 272 279 420 ]
cf = [ 57.6491 33.3931 33.0931 16.5523 25.1944 62.6349 53.3211 44.2668 10.0401 16.6241 63.5167 32.6031 9.78514 19.5941 43.5807 58.1118 38.3928 13.5297 57.2429 44.771 ]
c0 = [ 126 196 216 175 250 250 145 173 226 208 227 223 88 135 73 183 250 185 184 250 ]
cp = [ 39.9685 23.6845 14.5777 21.5051 9.5673 10.0466 32.4417 30.6745 12.4117 14.5023 16.9286 28.8329 36.8166 31.2457 41.6836 17.3401 8.12744 19.3153 24.2089 8.42958 ]
D = [ 282 282 282 282 282 282 1943 1943 1943 1943 1943 1943 282 282 282 282 282 282 1943 1943 1943 1943 1943 1943 ]
K = 21
nk = [ 0 0 0 0 0 0 0 0 0 0 0 0 0 0 0 0 0 0 0 0 ]
First = [ 1 1 1 1 1 1 1 1 1 1 1 1 1 1 1 1 1 1 1 1 ]
Last = [ 1 1 1 1 1 1 1 1 1 1 1 1 1 1 1 1 1 1 1 1 ]
nS = 2
S = [ 1 0 0 0 0 0 0 0 0 0 1 0 0 0 0 0 0 0 0 0 ]
