n = 20 ; 
T = 24 ; 
Init = [ 1 1 1 1 1 1 1 1 1 1 1 1 1 1 1 1 1 0 0 0 ]
L = [ 8 8 8 8 8 8 6 4 4 4 10 10 4 4 4 4 4 7 10 10 ]
l = [ 8 8 8 8 8 8 6 4 4 4 10 10 4 4 4 4 4 7 10 10 ]
Pmin = [ 86 86 86 86 86 86 63 45 45 45 100 100 39 39 39 39 39 66 100 100 ]
Pmax = [ 342 342 342 342 342 342 226 162 162 162 420 420 131 131 131 131 131 257 400 400 ]
cf = [ 61.8176 61.8176 61.8176 61.8176 61.8176 61.8176 63.9894 34.4036 34.4036 34.4036 38.4517 38.4517 53.5895 53.5895 53.5895 53.5895 53.5895 22.1768 45.9041 45.9041 ]
c0 = [ 221 221 221 221 221 221 178 132 132 132 250 250 116 116 116 116 116 184 250 250 ]
cp = [ 22.3802 22.3802 22.3802 22.3802 22.3802 22.3802 24.4851 37.98 37.98 37.98 8.45908 8.45908 27.074 27.074 27.074 27.074 27.074 13.3662 14.1208 14.1208 ]
D = [ 635 1894 5152 4562 1507 5046 1152 2832 3631 4305 4201 2941 3798 1198 279 2413 2478 3561 1112 3050 1239 2305 4816 2690 ]
K = 7
nk = [ 1 1 1 1 1 1 2 3 3 3 4 4 5 5 5 5 5 6 7 7 ]
First = [ 1 0 0 0 0 0 1 1 0 0 1 0 1 0 0 0 0 1 1 0 ]
Last = [ 0 0 0 0 0 1 1 0 0 1 0 1 0 0 0 0 1 1 0 1 ]
nS = 7
S = [ 1 0 0 0 0 0 1 1 0 0 1 0 1 0 0 0 0 1 1 0 ]
