n = 20 ; 
T = 24 ; 
Init = [ 1 1 1 1 1 0 0 0 0 0 0 0 0 0 0 0 0 0 0 0 ]
L = [ 3 3 3 3 3 7 7 7 7 7 7 7 7 6 6 6 6 6 6 6 ]
l = [ 3 3 3 3 3 7 7 7 7 7 7 7 7 6 6 6 6 6 6 6 ]
Pmin = [ 26 26 26 26 26 70 70 70 70 72 72 72 72 57 57 57 57 76 76 76 ]
Pmax = [ 74 74 74 74 74 262 262 262 262 294 294 294 294 219 219 219 219 277 277 277 ]
cf = [ 50.6858 50.6858 50.6858 50.6858 50.6858 45.0016 45.0016 45.0016 45.0016 60.0686 60.0686 60.0686 60.0686 7.67303 7.67303 7.67303 7.67303 28.4455 28.4455 28.4455 ]
c0 = [ 78 78 78 78 78 200 200 200 200 201 201 201 201 149 149 149 149 208 208 208 ]
cp = [ 40.1464 40.1464 40.1464 40.1464 40.1464 22.2216 22.2216 22.2216 22.2216 12.6931 12.6931 12.6931 12.6931 33.7982 33.7982 33.7982 33.7982 26.4743 26.4743 26.4743 ]
D = [ 1490 1765 515 2822 171 1412 3899 3664 3356 3462 557 2037 1756 4180 2083 3220 2860 2714 3496 3461 1195 2488 748 3972 ]
K = 5
nk = [ 1 1 1 1 1 2 2 2 2 3 3 3 3 4 4 4 4 5 5 5 ]
First = [ 1 0 0 0 0 1 0 0 0 1 0 0 0 1 0 0 0 1 0 0 ]
Last = [ 0 0 0 0 1 0 0 0 1 0 0 0 1 0 0 0 1 0 0 1 ]
nS = 5
S = [ 1 0 0 0 0 1 0 0 0 1 0 0 0 1 0 0 0 1 0 0 ]
