n = 20 ; 
T = 24 ; 
Init = [ 1 1 1 1 1 1 1 1 0 0 0 0 0 1 1 1 1 0 0 0 ]
L = [ 4 4 7 7 7 7 7 7 10 10 10 10 10 3 3 3 3 9 9 9 ]
l = [ 4 4 7 7 7 7 7 7 10 10 10 10 10 3 3 3 3 9 9 9 ]
Pmin = [ 47 47 77 77 77 77 77 77 100 100 100 100 100 22 22 22 22 95 95 95 ]
Pmax = [ 171 171 307 307 307 307 307 307 420 420 420 420 420 53 53 53 53 369 369 369 ]
cf = [ 14.4336 14.4336 34.4204 34.4204 34.4204 34.4204 34.4204 34.4204 52.7356 52.7356 52.7356 52.7356 52.7356 69.3523 69.3523 69.3523 69.3523 10.6417 10.6417 10.6417 ]
c0 = [ 144 144 207 207 207 207 207 207 250 250 250 250 250 66 66 66 66 250 250 250 ]
cp = [ 36.8194 36.8194 22.7185 22.7185 22.7185 22.7185 22.7185 22.7185 12.9573 12.9573 12.9573 12.9573 12.9573 40.7221 40.7221 40.7221 40.7221 9.04732 9.04732 9.04732 ]
D = [ 291 3204 3266 2902 2014 574 3728 3664 4350 4419 4317 5011 1255 2782 4954 1579 5326 1604 2966 1409 1808 2035 2629 5164 ]
K = 5
nk = [ 1 1 2 2 2 2 2 2 3 3 3 3 3 4 4 4 4 5 5 5 ]
First = [ 1 0 1 0 0 0 0 0 1 0 0 0 0 1 0 0 0 1 0 0 ]
Last = [ 0 1 0 0 0 0 0 1 0 0 0 0 1 0 0 0 1 0 0 1 ]
nS = 5
S = [ 1 0 1 0 0 0 0 0 1 0 0 0 0 1 0 0 0 1 0 0 ]
