n = 20 ; 
T = 24 ; 
Init = [ 1 0 0 1 1 0 0 0 0 0 0 0 0 0 0 0 0 0 0 0 ]
L = [ 6 6 6 6 6 8 8 3 8 8 8 8 8 9 9 3 3 3 3 3 ]
l = [ 6 6 6 6 6 8 8 3 8 8 8 8 8 9 9 3 3 3 3 3 ]
Pmin = [ 71 70 70 64 64 85 85 37 77 77 77 77 77 98 98 34 34 34 34 34 ]
Pmax = [ 271 265 265 257 257 326 326 117 302 302 302 302 302 388 388 121 121 121 121 121 ]
cf = [ 20.9003 12.2916 12.2916 34.0006 34.0006 48.4754 48.4754 47.6689 8.40446 8.40446 8.40446 8.40446 8.40446 64.8491 64.8491 25.7485 25.7485 25.7485 25.7485 25.7485 ]
c0 = [ 186 195 195 185 185 232 232 106 205 205 205 205 205 247 247 113 113 113 113 113 ]
cp = [ 18.8682 23.6259 23.6259 19.9149 19.9149 12.6873 12.6873 34.7233 21.6848 21.6848 21.6848 21.6848 21.6848 12.4228 12.4228 39.3882 39.3882 39.3882 39.3882 39.3882 ]
D = [ 3358 2774 551 3968 1339 4226 3334 2358 898 4458 3985 1995 4876 1142 296 3113 1253 4864 4593 1428 476 1232 2835 4837 ]
K = 8
nk = [ 1 2 2 3 3 4 4 5 6 6 6 6 6 7 7 8 8 8 8 8 ]
First = [ 1 1 0 1 0 1 0 1 1 0 0 0 0 1 0 1 0 0 0 0 ]
Last = [ 1 0 1 0 1 0 1 1 0 0 0 0 1 0 1 0 0 0 0 1 ]
nS = 8
S = [ 1 1 0 1 0 1 0 1 1 0 0 0 0 1 0 1 0 0 0 0 ]
