n = 20 ; 
T = 24 ; 
Init = [ 0 0 0 0 0 0 0 0 0 0 0 0 0 0 0 0 0 0 0 0 ]
L = [ 7 7 7 7 7 7 7 7 7 7 7 9 9 9 6 6 6 6 3 3 ]
l = [ 7 7 7 7 7 7 7 7 7 7 7 9 9 9 6 6 6 6 3 3 ]
Pmin = [ 77 77 77 77 77 77 76 76 76 76 76 100 100 100 59 59 59 59 26 26 ]
Pmax = [ 294 294 294 294 294 294 278 278 278 278 278 415 415 415 217 217 217 217 95 95 ]
cf = [ 7.05192 7.05192 7.05192 7.05192 7.05192 7.05192 66.9721 66.9721 66.9721 66.9721 66.9721 39.2789 39.2789 39.2789 13.9715 13.9715 13.9715 13.9715 37.2462 37.2462 ]
c0 = [ 197 197 197 197 197 197 200 200 200 200 200 250 250 250 173 173 173 173 78 78 ]
cp = [ 20.4809 20.4809 20.4809 20.4809 20.4809 20.4809 13.4359 13.4359 13.4359 13.4359 13.4359 10.3026 10.3026 10.3026 22.4549 22.4549 22.4549 22.4549 36.2186 36.2186 ]
D = [ 3072 3003 1569 2039 1205 2033 1283 3198 2483 3410 2547 2488 3148 5343 3092 311 1172 2663 2543 5022 3976 2590 4075 1686 ]
K = 5
nk = [ 1 1 1 1 1 1 2 2 2 2 2 3 3 3 4 4 4 4 5 5 ]
First = [ 1 0 0 0 0 0 1 0 0 0 0 1 0 0 1 0 0 0 1 0 ]
Last = [ 0 0 0 0 0 1 0 0 0 0 1 0 0 1 0 0 0 1 0 1 ]
nS = 5
S = [ 1 0 0 0 0 0 1 0 0 0 0 1 0 0 1 0 0 0 1 0 ]
