n = 20 ; 
T = 24 ; 
Init = [ 0 1 1 1 1 0 0 0 0 0 1 1 1 1 0 0 0 1 1 1 ]
L = [ 9 4 4 4 4 6 6 6 6 6 9 9 9 9 10 10 10 3 3 3 ]
l = [ 9 4 4 4 4 6 6 6 6 6 9 9 9 9 10 10 10 3 3 3 ]
Pmin = [ 92 32 32 32 32 70 70 70 70 70 100 100 100 100 100 100 100 31 31 31 ]
Pmax = [ 377 110 110 110 110 251 251 251 251 251 409 409 409 409 420 420 420 114 114 114 ]
cf = [ 16.3503 26.2011 26.2011 26.2011 26.2011 36.2829 36.2829 36.2829 36.2829 36.2829 13.9014 13.9014 13.9014 13.9014 18.6853 18.6853 18.6853 69.572 69.572 69.572 ]
c0 = [ 244 104 104 104 104 186 186 186 186 186 250 250 250 250 250 250 250 107 107 107 ]
cp = [ 11.08 29.4671 29.4671 29.4671 29.4671 26.5764 26.5764 26.5764 26.5764 26.5764 9.94659 9.94659 9.94659 9.94659 10.6851 10.6851 10.6851 33.8457 33.8457 33.8457 ]
D = [ 752 4746 1531 4788 1657 2585 973 4837 4018 483 2947 4807 2102 105 78 3086 69 4839 1507 3016 1668 2423 3804 2763 ]
K = 6
nk = [ 1 2 2 2 2 3 3 3 3 3 4 4 4 4 5 5 5 6 6 6 ]
First = [ 1 1 0 0 0 1 0 0 0 0 1 0 0 0 1 0 0 1 0 0 ]
Last = [ 1 0 0 0 1 0 0 0 0 1 0 0 0 1 0 0 1 0 0 1 ]
nS = 6
S = [ 1 1 0 0 0 1 0 0 0 0 1 0 0 0 1 0 0 1 0 0 ]
