n = 30 ; 
T = 24 ; 
Init = [ 1 1 1 1 1 0 0 0 0 0 1 1 1 1 0 0 0 1 1 1 1 1 1 1 1 1 1 1 1 1 ]
L = [ 8 8 8 8 8 3 3 3 3 3 8 8 5 5 3 3 3 6 6 6 6 6 6 9 9 9 9 9 9 9 ]
l = [ 8 8 8 8 8 3 3 3 3 3 8 8 5 5 3 3 3 6 6 6 6 6 6 9 9 9 9 9 9 9 ]
Pmin = [ 81 81 81 81 81 26 26 26 26 26 87 87 56 56 23 30 30 62 62 62 62 62 62 93 93 93 93 93 93 93 ]
Pmax = [ 329 329 329 329 329 83 83 83 83 83 360 360 202 202 78 86 86 241 241 241 241 241 241 387 387 387 387 387 387 387 ]
cf = [ 46.6565 46.6565 46.6565 46.6565 46.6565 15.4314 15.4314 15.4314 15.4314 15.4314 7.69971 7.69971 15.0947 15.0947 56.8158 53.2756 53.2756 61.8338 61.8338 61.8338 61.8338 61.8338 61.8338 20.3204 20.3204 20.3204 20.3204 20.3204 20.3204 20.3204 ]
c0 = [ 217 217 217 217 217 74 74 74 74 74 230 230 160 160 83 99 99 169 169 169 169 169 169 235 235 235 235 235 235 235 ]
cp = [ 20.9644 20.9644 20.9644 20.9644 20.9644 37.5387 37.5387 37.5387 37.5387 37.5387 10.9475 10.9475 20.6713 20.6713 39.7074 40.9224 40.9224 24.2737 24.2737 24.2737 24.2737 24.2737 24.2737 11.1726 11.1726 11.1726 11.1726 11.1726 11.1726 11.1726 ]
D = [ 934 6152 5067 1018 7127 3478 6592 6144 5083 5241 3544 1051 596 2182 5586 1876 4795 3300 1216 5951 7571 6326 2942 7321 ]
K = 8
nk = [ 1 1 1 1 1 2 2 2 2 2 3 3 4 4 5 6 6 7 7 7 7 7 7 8 8 8 8 8 8 8 ]
First = [ 1 0 0 0 0 1 0 0 0 0 1 0 1 0 1 1 0 1 0 0 0 0 0 1 0 0 0 0 0 0 ]
Last = [ 0 0 0 0 1 0 0 0 0 1 0 1 0 1 1 0 1 0 0 0 0 0 1 0 0 0 0 0 0 1 ]
nS = 8
S = [ 1 0 0 0 0 1 0 0 0 0 1 0 1 0 1 1 0 1 0 0 0 0 0 1 0 0 0 0 0 0 ]
