n = 30 ; 
T = 24 ; 
Init = [ 1 1 1 0 0 0 0 0 0 1 1 1 1 1 1 1 1 1 0 0 0 0 0 0 0 1 1 0 1 0 ]
L = [ 9 9 9 5 5 5 5 5 5 7 7 7 7 7 3 3 3 3 3 5 5 5 5 5 5 5 5 5 3 8 ]
l = [ 9 9 9 5 5 5 5 5 5 7 7 7 7 7 3 3 3 3 3 5 5 5 5 5 5 5 5 5 3 8 ]
Pmin = [ 93 93 93 47 47 47 47 47 47 77 77 77 77 77 26 26 26 26 24 47 47 47 47 47 47 53 53 56 30 91 ]
Pmax = [ 386 386 386 191 191 191 191 191 191 291 291 291 291 291 64 64 64 64 78 174 174 174 174 174 174 210 210 220 102 348 ]
cf = [ 31.6975 31.6975 31.6975 8.1388 8.1388 8.1388 8.1388 8.1388 8.1388 7.29135 7.29135 7.29135 7.29135 7.29135 67.0272 67.0272 67.0272 67.0272 40.6224 42.6534 42.6534 42.6534 42.6534 42.6534 42.6534 59.7168 59.7168 37.3295 23.889 68.3404 ]
c0 = [ 249 249 249 139 139 139 139 139 139 208 208 208 208 208 85 85 85 85 81 144 144 144 144 144 144 159 159 161 86 236 ]
cp = [ 14.4851 14.4851 14.4851 23.5332 23.5332 23.5332 23.5332 23.5332 23.5332 23.6002 23.6002 23.6002 23.6002 23.6002 31.7054 31.7054 31.7054 31.7054 38.1981 21.8404 21.8404 21.8404 21.8404 21.8404 21.8404 18.5253 18.5253 25.0973 34.4128 15.0064 ]
D = [ 2222 2741 6074 2251 2447 3170 5775 1431 6168 1217 1267 4886 216 4160 5849 5091 4090 2596 2018 193 3461 5872 1679 1082 ]
K = 10
nk = [ 1 1 1 2 2 2 2 2 2 3 3 3 3 3 4 4 4 4 5 6 6 6 6 6 6 7 7 8 9 10 ]
First = [ 1 0 0 1 0 0 0 0 0 1 0 0 0 0 1 0 0 0 1 1 0 0 0 0 0 1 0 1 1 1 ]
Last = [ 0 0 1 0 0 0 0 0 1 0 0 0 0 1 0 0 0 1 1 0 0 0 0 0 1 0 1 1 1 1 ]
nS = 10
S = [ 1 0 0 1 0 0 0 0 0 1 0 0 0 0 1 0 0 0 1 1 0 0 0 0 0 1 0 1 1 1 ]
