n = 30 ; 
T = 24 ; 
Init = [ 0 0 0 0 1 1 1 1 1 1 0 0 0 0 0 0 1 1 1 0 0 0 1 1 1 1 0 0 0 0 ]
L = [ 4 4 4 4 4 4 4 4 4 4 4 4 4 9 9 9 2 2 2 8 8 8 3 3 3 3 4 4 4 4 ]
l = [ 4 4 4 4 4 4 4 4 4 4 4 4 4 9 9 9 2 2 2 8 8 8 3 3 3 3 4 4 4 4 ]
Pmin = [ 42 42 42 42 34 34 34 34 34 34 47 47 47 100 100 100 20 20 20 81 81 81 24 24 24 24 36 36 36 36 ]
Pmax = [ 130 130 130 130 127 127 127 127 127 127 168 168 168 420 420 420 33 33 33 314 314 314 86 86 86 86 116 116 116 116 ]
cf = [ 24.7688 24.7688 24.7688 24.7688 8.77491 8.77491 8.77491 8.77491 8.77491 8.77491 67.6609 67.6609 67.6609 44.2819 44.2819 44.2819 16.2065 16.2065 16.2065 58.3317 58.3317 58.3317 62.3652 62.3652 62.3652 62.3652 59.4064 59.4064 59.4064 59.4064 ]
c0 = [ 124 124 124 124 112 112 112 112 112 112 131 131 131 250 250 250 77 77 77 210 210 210 83 83 83 83 118 118 118 118 ]
cp = [ 31.3454 31.3454 31.3454 31.3454 37.6569 37.6569 37.6569 37.6569 37.6569 37.6569 29.9111 29.9111 29.9111 17.0557 17.0557 17.0557 40.4864 40.4864 40.4864 12.417 12.417 12.417 37.6501 37.6501 37.6501 37.6501 32.3346 32.3346 32.3346 32.3346 ]
D = [ 3422 3186 1340 3241 1188 2055 2334 595 1232 1057 4671 3125 3465 4295 2009 4262 2683 2898 123 4205 2669 3801 505 3492 ]
K = 8
nk = [ 1 1 1 1 2 2 2 2 2 2 3 3 3 4 4 4 5 5 5 6 6 6 7 7 7 7 8 8 8 8 ]
First = [ 1 0 0 0 1 0 0 0 0 0 1 0 0 1 0 0 1 0 0 1 0 0 1 0 0 0 1 0 0 0 ]
Last = [ 0 0 0 1 0 0 0 0 0 1 0 0 1 0 0 1 0 0 1 0 0 1 0 0 0 1 0 0 0 1 ]
nS = 8
S = [ 1 0 0 0 1 0 0 0 0 0 1 0 0 1 0 0 1 0 0 1 0 0 1 0 0 0 1 0 0 0 ]
