n = 30 ; 
T = 24 ; 
Init = [ 0 0 0 0 0 0 0 0 1 1 1 1 1 1 1 1 1 0 0 0 0 0 0 0 0 0 0 0 0 1 ]
L = [ 6 6 6 6 6 8 8 2 7 7 7 7 7 7 7 9 9 8 8 8 8 8 8 8 10 10 10 10 10 2 ]
l = [ 6 6 6 6 6 8 8 2 7 7 7 7 7 7 7 9 9 8 8 8 8 8 8 8 10 10 10 10 10 2 ]
Pmin = [ 65 65 65 65 65 86 86 20 68 68 68 68 68 68 68 89 89 80 80 80 80 80 80 80 100 100 100 100 100 17 ]
Pmax = [ 239 239 239 239 239 334 334 58 270 270 270 270 270 270 270 366 366 322 322 322 322 322 322 322 420 420 420 420 420 58 ]
cf = [ 15.5465 15.5465 15.5465 15.5465 15.5465 60.2631 60.2631 68.8092 60.9204 60.9204 60.9204 60.9204 60.9204 60.9204 60.9204 31.2732 31.2732 12.1398 12.1398 12.1398 12.1398 12.1398 12.1398 12.1398 52.9029 52.9029 52.9029 52.9029 52.9029 22.4414 ]
c0 = [ 171 171 171 171 171 235 235 74 185 185 185 185 185 185 185 226 226 222 222 222 222 222 222 222 250 250 250 250 250 72 ]
cp = [ 25.8774 25.8774 25.8774 25.8774 25.8774 16.8509 16.8509 38.1512 18.3801 18.3801 18.3801 18.3801 18.3801 18.3801 18.3801 11.0013 11.0013 24.7293 24.7293 24.7293 24.7293 24.7293 24.7293 24.7293 9.16946 9.16946 9.16946 9.16946 9.16946 39.4367 ]
D = [ 16 7052 2952 8802 5762 6402 578 3331 8597 1010 8721 6561 6778 2729 5771 8078 5590 7184 148 3109 1028 5848 6466 4703 ]
K = 8
nk = [ 1 1 1 1 1 2 2 3 4 4 4 4 4 4 4 5 5 6 6 6 6 6 6 6 7 7 7 7 7 8 ]
First = [ 1 0 0 0 0 1 0 1 1 0 0 0 0 0 0 1 0 1 0 0 0 0 0 0 1 0 0 0 0 1 ]
Last = [ 0 0 0 0 1 0 1 1 0 0 0 0 0 0 1 0 1 0 0 0 0 0 0 1 0 0 0 0 1 1 ]
nS = 8
S = [ 1 0 0 0 0 1 0 1 1 0 0 0 0 0 0 1 0 1 0 0 0 0 0 0 1 0 0 0 0 1 ]
