n = 30 ; 
T = 24 ; 
Init = [ 0 0 0 0 0 0 1 1 1 1 0 0 0 0 0 0 0 0 0 1 1 1 1 1 1 1 1 1 0 0 ]
L = [ 5 5 7 7 7 7 9 9 9 9 6 6 6 6 6 7 7 7 7 9 9 9 9 9 9 9 6 6 9 9 ]
l = [ 5 5 7 7 7 7 9 9 9 9 6 6 6 6 6 7 7 7 7 9 9 9 9 9 9 9 6 6 9 9 ]
Pmin = [ 42 42 77 77 77 77 93 93 93 93 74 74 67 67 67 74 74 74 74 98 98 98 98 98 98 98 66 66 100 100 ]
Pmax = [ 150 150 281 281 281 281 379 379 379 379 268 268 241 241 241 285 285 285 285 400 400 400 400 400 400 400 269 269 419 419 ]
cf = [ 53.1715 53.1715 29.914 29.914 29.914 29.914 21.3054 21.3054 21.3054 21.3054 23.2043 23.2043 7.89753 7.89753 7.89753 31.9702 31.9702 31.9702 31.9702 48.7147 48.7147 48.7147 48.7147 48.7147 48.7147 48.7147 18.8128 18.8128 62.8327 62.8327 ]
c0 = [ 119 119 201 201 201 201 246 246 246 246 201 201 174 174 174 196 196 196 196 250 250 250 250 250 250 250 179 179 250 250 ]
cp = [ 18.76 18.76 18.0849 18.0849 18.0849 18.0849 14.3853 14.3853 14.3853 14.3853 19.1322 19.1322 27.4955 27.4955 27.4955 28.0467 28.0467 28.0467 28.0467 10.6173 10.6173 10.6173 10.6173 10.6173 10.6173 10.6173 27.2778 27.2778 13.3687 13.3687 ]
D = [ 5329 4511 7088 7490 6958 7224 1746 3744 9008 664 5225 6515 6454 3666 5013 5214 4130 4152 7773 1357 2922 3114 6868 2648 ]
K = 9
nk = [ 1 1 2 2 2 2 3 3 3 3 4 4 5 5 5 6 6 6 6 7 7 7 7 7 7 7 8 8 9 9 ]
First = [ 1 0 1 0 0 0 1 0 0 0 1 0 1 0 0 1 0 0 0 1 0 0 0 0 0 0 1 0 1 0 ]
Last = [ 0 1 0 0 0 1 0 0 0 1 0 1 0 0 1 0 0 0 1 0 0 0 0 0 0 1 0 1 0 1 ]
nS = 9
S = [ 1 0 1 0 0 0 1 0 0 0 1 0 1 0 0 1 0 0 0 1 0 0 0 0 0 0 1 0 1 0 ]
