n = 30 ; 
T = 24 ; 
Init = [ 0 0 0 1 0 0 0 0 0 0 0 0 0 0 0 0 0 0 0 0 1 0 0 0 0 1 1 1 1 1 ]
L = [ 10 10 10 6 8 8 8 8 8 8 8 4 4 4 4 4 4 9 9 9 9 8 8 5 5 8 8 8 8 8 ]
l = [ 10 10 10 6 8 8 8 8 8 8 8 4 4 4 4 4 4 9 9 9 9 8 8 5 5 8 8 8 8 8 ]
Pmin = [ 100 100 100 68 96 96 96 96 96 96 96 31 31 31 31 31 31 99 99 99 97 81 81 50 50 86 86 86 86 86 ]
Pmax = [ 420 420 420 265 365 365 365 365 365 365 365 110 110 110 110 110 110 385 385 385 379 320 320 188 188 338 338 338 338 338 ]
cf = [ 33.5813 33.5813 33.5813 17.916 64.7196 64.7196 64.7196 64.7196 64.7196 64.7196 64.7196 60.3632 60.3632 60.3632 60.3632 60.3632 60.3632 9.33242 9.33242 9.33242 20.8548 8.08051 8.08051 46.6862 46.6862 68.2402 68.2402 68.2402 68.2402 68.2402 ]
c0 = [ 250 250 250 174 250 250 250 250 250 250 250 105 105 105 105 105 105 250 250 250 247 218 218 146 146 229 229 229 229 229 ]
cp = [ 10.3443 10.3443 10.3443 21.4432 12.8128 12.8128 12.8128 12.8128 12.8128 12.8128 12.8128 31.2399 31.2399 31.2399 31.2399 31.2399 31.2399 15.5593 15.5593 15.5593 21.131 24.2365 24.2365 24.3998 24.3998 11.2049 11.2049 11.2049 11.2049 11.2049 ]
D = [ 2318 6344 127 1566 4971 459 3541 5125 6116 3290 797 4401 5418 5645 2473 7065 5735 4169 1745 822 8768 6544 3947 5015 ]
K = 9
nk = [ 1 1 1 2 3 3 3 3 3 3 3 4 4 4 4 4 4 5 5 5 6 7 7 8 8 9 9 9 9 9 ]
First = [ 1 0 0 1 1 0 0 0 0 0 0 1 0 0 0 0 0 1 0 0 1 1 0 1 0 1 0 0 0 0 ]
Last = [ 0 0 1 1 0 0 0 0 0 0 1 0 0 0 0 0 1 0 0 1 1 0 1 0 1 0 0 0 0 1 ]
nS = 9
S = [ 1 0 0 1 1 0 0 0 0 0 0 1 0 0 0 0 0 1 0 0 1 1 0 1 0 1 0 0 0 0 ]
