n = 30 ; 
T = 24 ; 
Init = [ 1 1 1 1 1 1 0 0 0 0 0 0 0 0 1 0 0 0 0 0 0 0 0 0 0 0 0 0 0 0 ]
L = [ 4 4 4 4 4 4 9 9 9 7 7 7 7 7 5 4 4 10 10 9 9 9 9 9 9 9 9 9 9 9 ]
l = [ 4 4 4 4 4 4 9 9 9 7 7 7 7 7 5 4 4 10 10 9 9 9 9 9 9 9 9 9 9 9 ]
Pmin = [ 39 39 39 39 39 39 94 94 94 67 67 67 67 67 46 29 29 100 100 100 100 100 100 100 100 97 97 97 97 97 ]
Pmax = [ 148 148 148 148 148 148 356 356 356 264 264 264 264 264 163 102 102 407 407 420 420 420 420 420 420 405 405 405 405 405 ]
cf = [ 49.9575 49.9575 49.9575 49.9575 49.9575 49.9575 25.1215 25.1215 25.1215 42.2761 42.2761 42.2761 42.2761 42.2761 56.7501 51.7068 51.7068 33.5021 33.5021 15.7159 15.7159 15.7159 15.7159 15.7159 15.7159 36.165 36.165 36.165 36.165 36.165 ]
c0 = [ 107 107 107 107 107 107 242 242 242 174 174 174 174 174 131 99 99 250 250 250 250 250 250 250 250 250 250 250 250 250 ]
cp = [ 31.6684 31.6684 31.6684 31.6684 31.6684 31.6684 13.9219 13.9219 13.9219 21.3481 21.3481 21.3481 21.3481 21.3481 38.5567 36.346 36.346 9.73121 9.73121 12.9632 12.9632 12.9632 12.9632 12.9632 12.9632 16.3974 16.3974 16.3974 16.3974 16.3974 ]
D = [ 878 3361 5097 5919 1468 2483 703 2713 6650 1107 7622 6836 6214 1404 6841 5470 8231 2082 2286 2154 3468 594 6459 8712 ]
K = 8
nk = [ 1 1 1 1 1 1 2 2 2 3 3 3 3 3 4 5 5 6 6 7 7 7 7 7 7 8 8 8 8 8 ]
First = [ 1 0 0 0 0 0 1 0 0 1 0 0 0 0 1 1 0 1 0 1 0 0 0 0 0 1 0 0 0 0 ]
Last = [ 0 0 0 0 0 1 0 0 1 0 0 0 0 1 1 0 1 0 1 0 0 0 0 0 1 0 0 0 0 1 ]
nS = 8
S = [ 1 0 0 0 0 0 1 0 0 1 0 0 0 0 1 1 0 1 0 1 0 0 0 0 0 1 0 0 0 0 ]
