n = 30 ; 
T = 24 ; 
Init = [ 1 1 0 0 0 0 0 0 0 0 0 0 0 0 0 0 0 0 0 0 1 1 1 1 1 0 1 1 1 1 ]
L = [ 4 4 5 5 5 5 5 6 6 6 6 6 6 3 3 4 4 4 4 4 6 6 6 6 6 9 5 3 7 7 ]
l = [ 4 4 5 5 5 5 5 6 6 6 6 6 6 3 3 4 4 4 4 4 6 6 6 6 6 9 5 3 7 7 ]
Pmin = [ 49 49 53 53 53 53 53 62 62 62 62 62 62 30 30 41 41 41 41 41 57 57 57 57 57 100 53 29 75 75 ]
Pmax = [ 170 170 203 203 203 203 203 227 227 227 227 227 227 84 84 145 145 145 145 145 212 212 212 212 212 418 204 102 281 281 ]
cf = [ 30.6865 30.6865 12.4107 12.4107 12.4107 12.4107 12.4107 25.1423 25.1423 25.1423 25.1423 25.1423 25.1423 26.6828 26.6828 54.8227 54.8227 54.8227 54.8227 54.8227 7.00916 7.00916 7.00916 7.00916 7.00916 48.5917 67.3124 51.7462 28.5511 28.5511 ]
c0 = [ 150 150 160 160 160 160 160 180 180 180 180 180 180 96 96 124 124 124 124 124 155 155 155 155 155 250 154 96 200 200 ]
cp = [ 28.9939 28.9939 35.5844 35.5844 35.5844 35.5844 35.5844 20.3795 20.3795 20.3795 20.3795 20.3795 20.3795 28.6719 28.6719 38.1493 38.1493 38.1493 38.1493 38.1493 25.7968 25.7968 25.7968 25.7968 25.7968 22.9102 30.8119 39.4174 14.4953 14.4953 ]
D = [ 5802 1065 663 1561 2926 5184 1562 902 4930 5793 2940 1347 887 1107 767 4039 3235 4842 10 4892 5298 4140 5477 1801 ]
K = 10
nk = [ 1 1 2 2 2 2 2 3 3 3 3 3 3 4 4 5 5 5 5 5 6 6 6 6 6 7 8 9 10 10 ]
First = [ 1 0 1 0 0 0 0 1 0 0 0 0 0 1 0 1 0 0 0 0 1 0 0 0 0 1 1 1 1 0 ]
Last = [ 0 1 0 0 0 0 1 0 0 0 0 0 1 0 1 0 0 0 0 1 0 0 0 0 1 1 1 1 0 1 ]
nS = 10
S = [ 1 0 1 0 0 0 0 1 0 0 0 0 0 1 0 1 0 0 0 0 1 0 0 0 0 1 1 1 1 0 ]
