n = 30 ; 
T = 48 ; 
Init = [ 0 0 0 0 1 1 1 1 1 0 0 0 0 0 0 0 0 0 0 0 0 0 0 0 0 0 0 1 1 1 ]
L = [ 5 5 5 5 9 9 9 9 9 2 2 2 10 10 10 10 10 10 8 8 8 4 4 4 4 4 4 3 3 3 ]
l = [ 5 5 5 5 9 9 9 9 9 2 2 2 10 10 10 10 10 10 8 8 8 4 4 4 4 4 4 3 3 3 ]
Pmin = [ 53 53 53 53 93 93 93 93 93 20 20 20 100 100 100 100 100 100 81 81 81 36 36 36 36 36 36 26 26 26 ]
Pmax = [ 194 194 194 194 385 385 385 385 385 53 53 53 420 420 420 420 420 420 338 338 338 114 114 114 114 114 114 93 93 93 ]
cf = [ 9.97015 9.97015 9.97015 9.97015 50.0204 50.0204 50.0204 50.0204 50.0204 24.4751 24.4751 24.4751 69.4527 69.4527 69.4527 69.4527 69.4527 69.4527 47.4359 47.4359 47.4359 8.64841 8.64841 8.64841 8.64841 8.64841 8.64841 66.2521 66.2521 66.2521 ]
c0 = [ 149 149 149 149 248 248 248 248 248 80 80 80 250 250 250 250 250 250 221 221 221 118 118 118 118 118 118 87 87 87 ]
cp = [ 34.6245 34.6245 34.6245 34.6245 20.2415 20.2415 20.2415 20.2415 20.2415 37.5072 37.5072 37.5072 10.6022 10.6022 10.6022 10.6022 10.6022 10.6022 10.5756 10.5756 10.5756 31.2563 31.2563 31.2563 31.2563 31.2563 31.2563 32.23 32.23 32.23 ]
D = [ 5203 4858 131 7244 4794 4853 79 4356 7009 6536 4270 5005 1341 5266 5001 6869 5947 3177 3317 4545 6697 2633 2943 5805 1072 734 1608 1886 1745 6119 4351 6948 3620 4482 6835 1057 1978 6914 5413 1630 6092 2326 6635 76 234 4279 6945 6181 ]
K = 7
nk = [ 1 1 1 1 2 2 2 2 2 3 3 3 4 4 4 4 4 4 5 5 5 6 6 6 6 6 6 7 7 7 ]
First = [ 1 0 0 0 1 0 0 0 0 1 0 0 1 0 0 0 0 0 1 0 0 1 0 0 0 0 0 1 0 0 ]
Last = [ 0 0 0 1 0 0 0 0 1 0 0 1 0 0 0 0 0 1 0 0 1 0 0 0 0 0 1 0 0 1 ]
nS = 7
S = [ 1 0 0 0 1 0 0 0 0 1 0 0 1 0 0 0 0 0 1 0 0 1 0 0 0 0 0 1 0 0 ]
