n = 30 ; 
T = 48 ; 
Init = [ 1 1 1 1 1 1 1 0 0 0 0 0 0 0 0 1 1 1 1 0 0 0 0 0 0 0 0 0 0 0 ]
L = [ 9 9 9 9 9 8 8 9 4 4 4 4 4 4 4 5 5 5 5 2 2 2 2 2 2 2 7 7 7 7 ]
l = [ 9 9 9 9 9 8 8 9 4 4 4 4 4 4 4 5 5 5 5 2 2 2 2 2 2 2 7 7 7 7 ]
Pmin = [ 93 93 93 93 93 76 76 91 42 42 42 42 42 42 42 55 55 55 55 16 16 16 16 16 16 16 80 80 80 80 ]
Pmax = [ 382 382 382 382 382 304 304 376 132 132 132 132 132 132 132 185 185 185 185 46 46 46 46 46 46 46 318 318 318 318 ]
cf = [ 9.16627 9.16627 9.16627 9.16627 9.16627 22.1393 22.1393 24.7401 41.6082 41.6082 41.6082 41.6082 41.6082 41.6082 41.6082 59.8813 59.8813 59.8813 59.8813 37.1683 37.1683 37.1683 37.1683 37.1683 37.1683 37.1683 8.32624 8.32624 8.32624 8.32624 ]
c0 = [ 243 243 243 243 243 198 198 241 125 125 125 125 125 125 125 146 146 146 146 59 59 59 59 59 59 59 219 219 219 219 ]
cp = [ 10.9992 10.9992 10.9992 10.9992 10.9992 25.5543 25.5543 11.7542 34.8757 34.8757 34.8757 34.8757 34.8757 34.8757 34.8757 33.2474 33.2474 33.2474 33.2474 40.1402 40.1402 40.1402 40.1402 40.1402 40.1402 40.1402 19.9616 19.9616 19.9616 19.9616 ]
D = [ 2789 2471 5392 4522 5851 4404 1316 5981 2093 1434 530 2765 5915 4631 1287 5484 681 5303 4488 3564 240 5521 1350 574 2351 4608 4211 1383 1140 319 5296 3930 2791 4536 2299 2490 2787 3615 2318 4881 5049 2848 1493 4812 1328 2780 4144 2008 ]
K = 7
nk = [ 1 1 1 1 1 2 2 3 4 4 4 4 4 4 4 5 5 5 5 6 6 6 6 6 6 6 7 7 7 7 ]
First = [ 1 0 0 0 0 1 0 1 1 0 0 0 0 0 0 1 0 0 0 1 0 0 0 0 0 0 1 0 0 0 ]
Last = [ 0 0 0 0 1 0 1 1 0 0 0 0 0 0 1 0 0 0 1 0 0 0 0 0 0 1 0 0 0 1 ]
nS = 7
S = [ 1 0 0 0 0 1 0 1 1 0 0 0 0 0 0 1 0 0 0 1 0 0 0 0 0 0 1 0 0 0 ]
