n = 30 ; 
T = 48 ; 
Init = [ 1 1 1 0 1 1 1 1 1 0 0 0 1 1 1 1 1 1 1 1 1 1 1 0 0 0 0 0 0 0 ]
L = [ 3 3 3 9 6 6 6 6 6 8 6 6 4 4 4 4 9 4 4 4 4 4 4 5 5 5 5 5 5 4 ]
l = [ 3 3 3 9 6 6 6 6 6 8 6 6 4 4 4 4 9 4 4 4 4 4 4 5 5 5 5 5 5 4 ]
Pmin = [ 32 32 32 100 57 57 57 57 57 89 66 66 50 50 50 50 100 34 34 34 34 34 34 53 53 53 53 53 53 50 ]
Pmax = [ 95 95 95 412 232 232 232 232 232 339 243 243 165 165 165 165 408 113 113 113 113 113 113 210 210 210 210 210 210 171 ]
cf = [ 53.2286 53.2286 53.2286 21.147 59.3155 59.3155 59.3155 59.3155 59.3155 50.9522 43.2189 43.2189 51.9986 51.9986 51.9986 51.9986 28.1708 61.3253 61.3253 61.3253 61.3253 61.3253 61.3253 8.51183 8.51183 8.51183 8.51183 8.51183 8.51183 40.0896 ]
c0 = [ 95 95 95 250 168 168 168 168 168 231 187 187 144 144 144 144 250 100 100 100 100 100 100 141 141 141 141 141 141 140 ]
cp = [ 25.434 25.434 25.434 13.5234 36.1962 36.1962 36.1962 36.1962 36.1962 15.8718 20.2866 20.2866 28.6637 28.6637 28.6637 28.6637 16.1393 27.4214 27.4214 27.4214 27.4214 27.4214 27.4214 26.5079 26.5079 26.5079 26.5079 26.5079 26.5079 27.4718 ]
D = [ 1536 3835 3315 542 2064 825 4727 4032 18 4868 1251 1457 11 2609 5250 5461 2033 2006 5423 4129 837 2845 2861 733 1404 3327 3720 4132 372 3255 273 1908 1231 3588 2450 3295 4413 1318 1469 4431 326 2719 30 337 5329 5280 5798 1503 ]
K = 10
nk = [ 1 1 1 2 3 3 3 3 3 4 5 5 6 6 6 6 7 8 8 8 8 8 8 9 9 9 9 9 9 10 ]
First = [ 1 0 0 1 1 0 0 0 0 1 1 0 1 0 0 0 1 1 0 0 0 0 0 1 0 0 0 0 0 1 ]
Last = [ 0 0 1 1 0 0 0 0 1 1 0 1 0 0 0 1 1 0 0 0 0 0 1 0 0 0 0 0 1 1 ]
nS = 10
S = [ 1 0 0 1 1 0 0 0 0 1 1 0 1 0 0 0 1 1 0 0 0 0 0 1 0 0 0 0 0 1 ]
