n = 30 ; 
T = 48 ; 
Init = [ 1 1 1 1 1 1 1 0 0 0 0 0 0 0 0 0 0 0 0 0 0 0 0 0 0 1 0 0 0 0 ]
L = [ 6 6 6 6 6 6 6 4 4 4 4 4 4 4 4 4 4 4 6 6 6 6 6 6 6 6 9 9 9 9 ]
l = [ 6 6 6 6 6 6 6 4 4 4 4 4 4 4 4 4 4 4 6 6 6 6 6 6 6 6 9 9 9 9 ]
Pmin = [ 57 57 57 57 57 57 57 48 48 48 50 50 50 44 44 44 44 44 65 65 65 65 65 65 65 64 100 100 100 100 ]
Pmax = [ 200 200 200 200 200 200 200 156 156 156 162 162 162 144 144 144 144 144 231 231 231 231 231 231 231 263 419 419 419 419 ]
cf = [ 50.219 50.219 50.219 50.219 50.219 50.219 50.219 30.0835 30.0835 30.0835 40.7785 40.7785 40.7785 34.0021 34.0021 34.0021 34.0021 34.0021 50.6745 50.6745 50.6745 50.6745 50.6745 50.6745 50.6745 34.0213 9.11131 9.11131 9.11131 9.11131 ]
c0 = [ 155 155 155 155 155 155 155 127 127 127 146 146 146 122 122 122 122 122 185 185 185 185 185 185 185 177 250 250 250 250 ]
cp = [ 31.773 31.773 31.773 31.773 31.773 31.773 31.773 27.6638 27.6638 27.6638 31.7017 31.7017 31.7017 37.0886 37.0886 37.0886 37.0886 37.0886 18.09 18.09 18.09 18.09 18.09 18.09 18.09 30.334 14.5121 14.5121 14.5121 14.5121 ]
D = [ 3451 6177 1494 375 2388 6090 3219 2610 6365 1462 4353 946 1016 3544 296 5716 4134 645 2480 679 5656 4207 6124 2239 5031 5796 4836 3880 6504 6464 2945 3325 6011 4439 3700 1769 3900 289 4379 3635 1752 2103 4580 2767 5647 4877 1853 3151 ]
K = 7
nk = [ 1 1 1 1 1 1 1 2 2 2 3 3 3 4 4 4 4 4 5 5 5 5 5 5 5 6 7 7 7 7 ]
First = [ 1 0 0 0 0 0 0 1 0 0 1 0 0 1 0 0 0 0 1 0 0 0 0 0 0 1 1 0 0 0 ]
Last = [ 0 0 0 0 0 0 1 0 0 1 0 0 1 0 0 0 0 1 0 0 0 0 0 0 1 1 0 0 0 1 ]
nS = 7
S = [ 1 0 0 0 0 0 0 1 0 0 1 0 0 1 0 0 0 0 1 0 0 0 0 0 0 1 1 0 0 0 ]
