n = 30 ; 
T = 48 ; 
Init = [ 1 0 0 0 0 0 0 0 0 0 0 0 0 1 1 1 1 1 1 1 0 0 0 0 1 1 0 0 0 0 ]
L = [ 9 8 4 4 4 4 10 10 10 10 10 10 10 6 6 6 6 6 6 6 9 9 9 9 3 6 9 7 7 7 ]
l = [ 9 8 4 4 4 4 10 10 10 10 10 10 10 6 6 6 6 6 6 6 9 9 9 9 3 6 9 7 7 7 ]
Pmin = [ 100 92 35 35 35 35 100 100 100 100 100 100 100 58 58 58 58 58 58 58 94 94 94 94 32 60 94 69 69 69 ]
Pmax = [ 399 364 134 134 134 134 420 420 420 420 420 420 420 217 217 217 217 217 217 217 378 378 378 378 88 230 361 278 278 278 ]
cf = [ 59.4988 68.6379 23.053 23.053 23.053 23.053 57.7976 57.7976 57.7976 57.7976 57.7976 57.7976 57.7976 55.5494 55.5494 55.5494 55.5494 55.5494 55.5494 55.5494 25.0024 25.0024 25.0024 25.0024 26.0981 65.9041 24.6369 22.0071 22.0071 22.0071 ]
c0 = [ 250 245 115 115 115 115 250 250 250 250 250 250 250 150 150 150 150 150 150 150 246 246 246 246 92 177 250 196 196 196 ]
cp = [ 17.0035 24.4011 32.6946 32.6946 32.6946 32.6946 8.35421 8.35421 8.35421 8.35421 8.35421 8.35421 8.35421 30.2545 30.2545 30.2545 30.2545 30.2545 30.2545 30.2545 16.7389 16.7389 16.7389 16.7389 39.0737 18.4775 10.8872 19.6179 19.6179 19.6179 ]
D = [ 8104 2246 8048 1559 545 6034 4069 3207 5463 6527 5299 4605 1364 4034 7739 7408 66 669 6703 8538 5640 7225 3213 8083 8596 5558 7996 6093 7909 2923 5548 7229 5168 4814 5 5713 2064 4074 137 7527 1818 5436 3349 3182 688 2305 1808 753 ]
K = 10
nk = [ 1 2 3 3 3 3 4 4 4 4 4 4 4 5 5 5 5 5 5 5 6 6 6 6 7 8 9 10 10 10 ]
First = [ 1 1 1 0 0 0 1 0 0 0 0 0 0 1 0 0 0 0 0 0 1 0 0 0 1 1 1 1 0 0 ]
Last = [ 1 1 0 0 0 1 0 0 0 0 0 0 1 0 0 0 0 0 0 1 0 0 0 1 1 1 1 0 0 1 ]
nS = 10
S = [ 1 1 1 0 0 0 1 0 0 0 0 0 0 1 0 0 0 0 0 0 1 0 0 0 1 1 1 1 0 0 ]
