n = 30 ; 
T = 48 ; 
Init = [ 1 1 1 0 0 0 0 1 1 1 1 1 1 1 0 0 0 0 0 0 0 0 0 0 1 1 1 1 1 1 ]
L = [ 4 4 4 4 4 4 4 5 5 5 5 5 5 5 2 2 2 2 2 2 7 7 7 7 3 3 3 3 3 3 ]
l = [ 4 4 4 4 4 4 4 5 5 5 5 5 5 5 2 2 2 2 2 2 7 7 7 7 3 3 3 3 3 3 ]
Pmin = [ 38 38 38 43 43 43 43 46 46 46 46 46 46 46 16 16 16 16 16 16 78 78 78 78 31 31 31 31 31 31 ]
Pmax = [ 130 130 130 143 143 143 143 170 170 170 170 170 170 170 54 54 54 54 54 54 310 310 310 310 111 111 111 111 111 111 ]
cf = [ 8.18895 8.18895 8.18895 61.7023 61.7023 61.7023 61.7023 57.5947 57.5947 57.5947 57.5947 57.5947 57.5947 57.5947 9.38911 9.38911 9.38911 9.38911 9.38911 9.38911 50.3734 50.3734 50.3734 50.3734 66.5839 66.5839 66.5839 66.5839 66.5839 66.5839 ]
c0 = [ 111 111 111 116 116 116 116 122 122 122 122 122 122 122 68 68 68 68 68 68 200 200 200 200 93 93 93 93 93 93 ]
cp = [ 28.8442 28.8442 28.8442 30.12 30.12 30.12 30.12 27.8364 27.8364 27.8364 27.8364 27.8364 27.8364 27.8364 41.1456 41.1456 41.1456 41.1456 41.1456 41.1456 24.3404 24.3404 24.3404 24.3404 33.9577 33.9577 33.9577 33.9577 33.9577 33.9577 ]
D = [ 2624 822 3323 1762 989 1957 1524 2654 893 615 4160 473 3268 3111 3639 325 2510 5 4073 1397 1668 3697 3069 3218 1039 1916 718 2836 1425 1457 2354 4050 2280 1295 1429 3268 3252 2953 1540 4145 3569 1319 236 2454 48 3875 2780 2558 ]
K = 6
nk = [ 1 1 1 2 2 2 2 3 3 3 3 3 3 3 4 4 4 4 4 4 5 5 5 5 6 6 6 6 6 6 ]
First = [ 1 0 0 1 0 0 0 1 0 0 0 0 0 0 1 0 0 0 0 0 1 0 0 0 1 0 0 0 0 0 ]
Last = [ 0 0 1 0 0 0 1 0 0 0 0 0 0 1 0 0 0 0 0 1 0 0 0 1 0 0 0 0 0 1 ]
nS = 6
S = [ 1 0 0 1 0 0 0 1 0 0 0 0 0 0 1 0 0 0 0 0 1 0 0 0 1 0 0 0 0 0 ]
