n = 30 ; 
T = 48 ; 
Init = [ 0 0 0 1 1 1 1 1 1 0 0 0 0 0 1 1 1 1 1 1 0 0 0 0 0 0 0 0 0 0 ]
L = [ 8 8 8 2 9 9 9 9 9 3 3 3 3 3 9 8 8 8 8 8 10 10 10 10 10 10 10 9 9 6 ]
l = [ 8 8 8 2 9 9 9 9 9 3 3 3 3 3 9 8 8 8 8 8 10 10 10 10 10 10 10 9 9 6 ]
Pmin = [ 89 89 89 16 95 95 95 95 95 17 17 17 17 17 95 93 93 93 93 93 100 100 100 100 100 100 100 100 100 61 ]
Pmax = [ 339 339 339 41 386 386 386 386 386 58 58 58 58 58 380 362 362 362 362 362 406 406 406 406 406 406 406 402 402 247 ]
cf = [ 9.97255 9.97255 9.97255 45.9863 20.4322 20.4322 20.4322 20.4322 20.4322 13.3381 13.3381 13.3381 13.3381 13.3381 15.4081 33.1161 33.1161 33.1161 33.1161 33.1161 47.8122 47.8122 47.8122 47.8122 47.8122 47.8122 47.8122 27.3065 27.3065 24.4902 ]
c0 = [ 227 227 227 53 239 239 239 239 239 63 63 63 63 63 243 245 245 245 245 245 250 250 250 250 250 250 250 250 250 157 ]
cp = [ 21.9454 21.9454 21.9454 39.964 25.141 25.141 25.141 25.141 25.141 38.544 38.544 38.544 38.544 38.544 11.4311 13.6368 13.6368 13.6368 13.6368 13.6368 8.14237 8.14237 8.14237 8.14237 8.14237 8.14237 8.14237 9.1479 9.1479 29.1355 ]
D = [ 6331 2186 6666 8327 3128 7915 2846 9192 1572 5445 6392 6999 6355 668 7622 8620 7505 8579 997 8170 2891 2018 3454 4305 6176 3410 2837 3169 16 4581 4042 6347 6766 1347 5313 533 9263 8159 364 1474 4243 6755 8473 1237 7423 6733 496 5567 ]
K = 9
nk = [ 1 1 1 2 3 3 3 3 3 4 4 4 4 4 5 6 6 6 6 6 7 7 7 7 7 7 7 8 8 9 ]
First = [ 1 0 0 1 1 0 0 0 0 1 0 0 0 0 1 1 0 0 0 0 1 0 0 0 0 0 0 1 0 1 ]
Last = [ 0 0 1 1 0 0 0 0 1 0 0 0 0 1 1 0 0 0 0 1 0 0 0 0 0 0 1 0 1 1 ]
nS = 9
S = [ 1 0 0 1 1 0 0 0 0 1 0 0 0 0 1 1 0 0 0 0 1 0 0 0 0 0 0 1 0 1 ]
