n = 30 ; 
T = 48 ; 
Init = [ 0 0 0 1 1 1 1 1 1 0 0 0 0 0 0 1 1 1 0 0 0 0 0 0 1 1 1 1 1 1 ]
L = [ 4 4 4 7 7 7 7 7 7 4 4 4 7 7 9 9 9 9 4 4 4 7 7 7 5 5 5 5 5 5 ]
l = [ 4 4 4 7 7 7 7 7 7 4 4 4 7 7 9 9 9 9 4 4 4 7 7 7 5 5 5 5 5 5 ]
Pmin = [ 42 42 42 68 68 68 68 68 68 36 36 36 74 74 98 91 91 91 44 44 44 79 79 79 48 48 48 48 48 48 ]
Pmax = [ 162 162 162 280 280 280 280 280 280 121 121 121 281 281 400 353 353 353 148 148 148 318 318 318 178 178 178 178 178 178 ]
cf = [ 20.3657 20.3657 20.3657 61.5408 61.5408 61.5408 61.5408 61.5408 61.5408 29.9907 29.9907 29.9907 38.0746 38.0746 63.108 38.3833 38.3833 38.3833 7.10842 7.10842 7.10842 44.7023 44.7023 44.7023 27.8364 27.8364 27.8364 27.8364 27.8364 27.8364 ]
c0 = [ 123 123 123 185 185 185 185 185 185 103 103 103 188 188 247 239 239 239 131 131 131 219 219 219 145 145 145 145 145 145 ]
cp = [ 35.2657 35.2657 35.2657 20.7738 20.7738 20.7738 20.7738 20.7738 20.7738 28.5352 28.5352 28.5352 15.5412 15.5412 17.3628 14.5766 14.5766 14.5766 37.9304 37.9304 37.9304 29.1746 29.1746 29.1746 19.9648 19.9648 19.9648 19.9648 19.9648 19.9648 ]
D = [ 110 3873 3165 2670 318 2397 6165 330 6596 1470 6112 4916 1784 2281 4181 1824 5956 4263 1552 4316 2822 1376 5131 4365 580 2533 6761 2165 3549 2130 6272 3659 6003 2421 6329 6321 4819 5478 6651 4399 6948 5746 2299 1716 1012 6480 3540 6968 ]
K = 9
nk = [ 1 1 1 2 2 2 2 2 2 3 3 3 4 4 5 6 6 6 7 7 7 8 8 8 9 9 9 9 9 9 ]
First = [ 1 0 0 1 0 0 0 0 0 1 0 0 1 0 1 1 0 0 1 0 0 1 0 0 1 0 0 0 0 0 ]
Last = [ 0 0 1 0 0 0 0 0 1 0 0 1 0 1 1 0 0 1 0 0 1 0 0 1 0 0 0 0 0 1 ]
nS = 9
S = [ 1 0 0 1 0 0 0 0 0 1 0 0 1 0 1 1 0 0 1 0 0 1 0 0 1 0 0 0 0 0 ]
