n = 30 ; 
T = 48 ; 
Init = [ 0 0 0 0 0 0 1 1 1 1 1 1 1 1 1 1 1 1 1 1 1 0 0 0 0 0 0 0 1 1 ]
L = [ 3 3 3 10 10 10 4 4 4 4 8 8 8 8 8 10 10 10 10 10 10 3 3 3 3 3 3 3 9 9 ]
l = [ 3 3 3 10 10 10 4 4 4 4 8 8 8 8 8 10 10 10 10 10 10 3 3 3 3 3 3 3 9 9 ]
Pmin = [ 18 18 18 100 100 100 37 37 37 37 92 92 92 92 92 100 100 100 100 100 100 33 33 33 33 33 33 33 100 100 ]
Pmax = [ 62 62 62 420 420 420 137 137 137 137 366 366 366 366 366 420 420 420 420 420 420 98 98 98 98 98 98 98 401 401 ]
cf = [ 69.5395 69.5395 69.5395 12.7285 12.7285 12.7285 48.6792 48.6792 48.6792 48.6792 18.0954 18.0954 18.0954 18.0954 18.0954 57.1415 57.1415 57.1415 57.1415 57.1415 57.1415 31.2498 31.2498 31.2498 31.2498 31.2498 31.2498 31.2498 44.6779 44.6779 ]
c0 = [ 66 66 66 250 250 250 102 102 102 102 245 245 245 245 245 250 250 250 250 250 250 99 99 99 99 99 99 99 250 250 ]
cp = [ 41.5473 41.5473 41.5473 10.8901 10.8901 10.8901 30.8581 30.8581 30.8581 30.8581 16.8938 16.8938 16.8938 16.8938 16.8938 8.73812 8.73812 8.73812 8.73812 8.73812 8.73812 35.0034 35.0034 35.0034 35.0034 35.0034 35.0034 35.0034 9.4738 9.4738 ]
D = [ 2568 5039 394 7750 6418 6628 2933 3270 787 1264 2489 6359 6952 7287 2091 7180 6031 2735 5946 4211 1613 6813 914 5468 4805 7440 2304 175 7075 7401 7689 1811 4608 251 1729 3194 6879 4661 6465 7666 5926 1121 6193 5045 576 451 4394 6607 ]
K = 7
nk = [ 1 1 1 2 2 2 3 3 3 3 4 4 4 4 4 5 5 5 5 5 5 6 6 6 6 6 6 6 7 7 ]
First = [ 1 0 0 1 0 0 1 0 0 0 1 0 0 0 0 1 0 0 0 0 0 1 0 0 0 0 0 0 1 0 ]
Last = [ 0 0 1 0 0 1 0 0 0 1 0 0 0 0 1 0 0 0 0 0 1 0 0 0 0 0 0 1 0 1 ]
nS = 7
S = [ 1 0 0 1 0 0 1 0 0 0 1 0 0 0 0 1 0 0 0 0 0 1 0 0 0 0 0 0 1 0 ]
