n = 30 ; 
T = 48 ; 
Init = [ 1 1 1 1 1 0 0 0 0 0 0 0 0 0 0 1 1 1 1 0 0 0 0 0 1 1 1 1 1 1 ]
L = [ 4 4 4 4 4 5 5 5 5 5 4 4 8 8 8 8 8 8 8 6 6 6 6 6 5 5 5 5 5 5 ]
l = [ 4 4 4 4 4 5 5 5 5 5 4 4 8 8 8 8 8 8 8 6 6 6 6 6 5 5 5 5 5 5 ]
Pmin = [ 37 37 37 37 37 45 45 45 45 45 39 39 98 98 98 91 91 91 91 66 66 66 66 66 47 47 47 47 47 47 ]
Pmax = [ 144 144 144 144 144 179 179 179 179 179 150 150 375 375 375 343 343 343 343 242 242 242 242 242 161 161 161 161 161 161 ]
cf = [ 18.6011 18.6011 18.6011 18.6011 18.6011 37.6914 37.6914 37.6914 37.6914 37.6914 62.1686 62.1686 7.49942 7.49942 7.49942 51.4581 51.4581 51.4581 51.4581 35.1974 35.1974 35.1974 35.1974 35.1974 55.8416 55.8416 55.8416 55.8416 55.8416 55.8416 ]
c0 = [ 102 102 102 102 102 132 132 132 132 132 123 123 250 250 250 241 241 241 241 185 185 185 185 185 144 144 144 144 144 144 ]
cp = [ 33.3537 33.3537 33.3537 33.3537 33.3537 24.1489 24.1489 24.1489 24.1489 24.1489 32.8182 32.8182 12.1849 12.1849 12.1849 14.4489 14.4489 14.4489 14.4489 25.6146 25.6146 25.6146 25.6146 25.6146 23.84 23.84 23.84 23.84 23.84 23.84 ]
D = [ 3350 3020 6328 2531 3073 4389 5479 1592 2103 3691 668 959 2722 5100 3837 1079 1893 1616 2869 1386 5139 4814 361 4365 2038 4131 3792 2320 5880 5599 5439 2641 2031 5179 5172 5104 2980 4063 108 5082 1166 776 6042 3887 5876 3291 4967 1181 ]
K = 7
nk = [ 1 1 1 1 1 2 2 2 2 2 3 3 4 4 4 5 5 5 5 6 6 6 6 6 7 7 7 7 7 7 ]
First = [ 1 0 0 0 0 1 0 0 0 0 1 0 1 0 0 1 0 0 0 1 0 0 0 0 1 0 0 0 0 0 ]
Last = [ 0 0 0 0 1 0 0 0 0 1 0 1 0 0 1 0 0 0 1 0 0 0 0 1 0 0 0 0 0 1 ]
nS = 7
S = [ 1 0 0 0 0 1 0 0 0 0 1 0 1 0 0 1 0 0 0 1 0 0 0 0 1 0 0 0 0 0 ]
