n = 30 ; 
T = 48 ; 
Init = [ 1 1 1 1 1 1 1 1 1 1 1 1 1 1 1 1 1 0 0 0 0 0 0 0 0 0 0 0 0 0 ]
L = [ 4 4 4 4 4 4 4 4 4 4 4 8 8 8 8 8 8 9 9 9 9 9 9 9 9 6 6 6 4 4 ]
l = [ 4 4 4 4 4 4 4 4 4 4 4 8 8 8 8 8 8 9 9 9 9 9 9 9 9 6 6 6 4 4 ]
Pmin = [ 31 31 31 31 40 40 40 40 40 40 40 88 88 88 88 88 88 100 100 100 100 94 94 94 94 69 69 69 44 44 ]
Pmax = [ 120 120 120 120 129 129 129 129 129 129 129 333 333 333 333 333 333 398 398 398 398 391 391 391 391 273 273 273 139 139 ]
cf = [ 39.0936 39.0936 39.0936 39.0936 59.2904 59.2904 59.2904 59.2904 59.2904 59.2904 59.2904 21.9378 21.9378 21.9378 21.9378 21.9378 21.9378 22.8718 22.8718 22.8718 22.8718 68.8289 68.8289 68.8289 68.8289 9.21486 9.21486 9.21486 13.9021 13.9021 ]
c0 = [ 92 92 92 92 127 127 127 127 127 127 127 237 237 237 237 237 237 250 250 250 250 250 250 250 250 195 195 195 125 125 ]
cp = [ 37.127 37.127 37.127 37.127 32.8111 32.8111 32.8111 32.8111 32.8111 32.8111 32.8111 20.2069 20.2069 20.2069 20.2069 20.2069 20.2069 9.73687 9.73687 9.73687 9.73687 11.0389 11.0389 11.0389 11.0389 20.9132 20.9132 20.9132 30.1342 30.1342 ]
D = [ 2081 5043 3796 3891 6966 3654 4159 168 7166 2100 4918 7339 1608 4516 3352 4382 4031 3156 1841 1194 4134 1674 3270 1251 6224 6633 5917 7418 6048 7071 4877 495 4480 1039 4386 3812 4692 911 3981 4225 3011 1265 3929 4618 5781 7281 1367 2178 ]
K = 7
nk = [ 1 1 1 1 2 2 2 2 2 2 2 3 3 3 3 3 3 4 4 4 4 5 5 5 5 6 6 6 7 7 ]
First = [ 1 0 0 0 1 0 0 0 0 0 0 1 0 0 0 0 0 1 0 0 0 1 0 0 0 1 0 0 1 0 ]
Last = [ 0 0 0 1 0 0 0 0 0 0 1 0 0 0 0 0 1 0 0 0 1 0 0 0 1 0 0 1 0 1 ]
nS = 7
S = [ 1 0 0 0 1 0 0 0 0 0 0 1 0 0 0 0 0 1 0 0 0 1 0 0 0 1 0 0 1 0 ]
