n = 30 ; 
T = 96 ; 
Init = [ 1 1 1 1 1 1 1 1 1 1 1 1 1 1 1 1 1 1 1 1 1 1 1 1 1 1 1 1 0 0 ]
L = [ 2 2 2 2 7 7 7 8 8 8 8 8 9 9 3 3 6 6 6 6 4 4 4 4 2 2 2 2 4 4 ]
l = [ 2 2 2 2 7 7 7 8 8 8 8 8 9 9 3 3 6 6 6 6 4 4 4 4 2 2 2 2 4 4 ]
Pmin = [ 26 26 26 26 84 84 84 86 86 86 86 86 93 93 22 22 74 74 74 74 39 39 39 39 18 18 18 18 34 34 ]
Pmax = [ 63 63 63 63 327 327 327 340 340 340 340 340 389 389 57 57 282 282 282 282 152 152 152 152 46 46 46 46 130 130 ]
cf = [ 23.2678 23.2678 23.2678 23.2678 41.396 41.396 41.396 39.6533 39.6533 39.6533 39.6533 39.6533 58.9365 58.9365 9.19744 9.19744 53.3946 53.3946 53.3946 53.3946 7.00431 7.00431 7.00431 7.00431 15.2137 15.2137 15.2137 15.2137 7.18925 7.18925 ]
c0 = [ 73 73 73 73 215 215 215 229 229 229 229 229 245 245 69 69 191 191 191 191 106 106 106 106 60 60 60 60 105 105 ]
cp = [ 38.4209 38.4209 38.4209 38.4209 11.7275 11.7275 11.7275 19.9735 19.9735 19.9735 19.9735 19.9735 15.1608 15.1608 36.5933 36.5933 21.4241 21.4241 21.4241 21.4241 39.1763 39.1763 39.1763 39.1763 39.3897 39.3897 39.3897 39.3897 25.6529 25.6529 ]
D = [ 3744 4597 5181 852 3542 5391 5274 3542 169 5292 1366 1658 2276 3307 4831 1854 2702 5630 5880 5042 4355 1974 1132 5584 160 2235 959 4843 3804 4005 740 1543 2597 5921 2395 134 5307 1664 3677 5476 951 5043 1129 3227 2345 5960 5080 5047 5585 4955 4084 3935 924 5216 3514 1084 1446 4473 5926 5249 2474 662 788 5071 578 3182 5205 5885 4846 2877 5356 5797 1914 480 3019 4259 434 2094 3301 14 1044 1380 3949 1968 591 1458 3051 2036 5931 2973 1281 2400 3635 2068 1466 4213 ]
K = 9
nk = [ 1 1 1 1 2 2 2 3 3 3 3 3 4 4 5 5 6 6 6 6 7 7 7 7 8 8 8 8 9 9 ]
First = [ 1 0 0 0 1 0 0 1 0 0 0 0 1 0 1 0 1 0 0 0 1 0 0 0 1 0 0 0 1 0 ]
Last = [ 0 0 0 1 0 0 1 0 0 0 0 1 0 1 0 1 0 0 0 1 0 0 0 1 0 0 0 1 0 1 ]
nS = 9
S = [ 1 0 0 0 1 0 0 1 0 0 0 0 1 0 1 0 1 0 0 0 1 0 0 0 1 0 0 0 1 0 ]
