n = 30 ; 
T = 96 ; 
Init = [ 1 0 0 0 0 0 0 1 1 1 1 1 0 0 0 0 1 1 0 0 0 0 0 0 0 1 1 1 1 1 ]
L = [ 3 7 7 7 4 4 4 3 3 3 3 3 6 6 6 6 6 6 7 7 7 7 7 7 7 8 8 4 4 4 ]
l = [ 3 7 7 7 4 4 4 3 3 3 3 3 6 6 6 6 6 6 7 7 7 7 7 7 7 8 8 4 4 4 ]
Pmin = [ 30 77 77 77 47 47 47 39 26 26 26 26 67 67 67 67 65 65 71 71 71 71 71 71 71 85 85 35 35 35 ]
Pmax = [ 86 293 293 293 180 180 180 125 78 78 78 78 238 238 238 238 253 253 258 258 258 258 258 258 258 350 350 135 135 135 ]
cf = [ 46.1825 48.5396 48.5396 48.5396 8.64966 8.64966 8.64966 17.6387 29.3376 29.3376 29.3376 29.3376 9.76759 9.76759 9.76759 9.76759 21.9149 21.9149 7.83598 7.83598 7.83598 7.83598 7.83598 7.83598 7.83598 35.781 35.781 22.1145 22.1145 22.1145 ]
c0 = [ 92 202 202 202 136 136 136 120 74 74 74 74 173 173 173 173 182 182 191 191 191 191 191 191 191 213 213 110 110 110 ]
cp = [ 38.5174 23.3943 23.3943 23.3943 24.4663 24.4663 24.4663 35.048 40.4654 40.4654 40.4654 40.4654 22.9124 22.9124 22.9124 22.9124 31.2811 31.2811 16.895 16.895 16.895 16.895 16.895 16.895 16.895 22.1975 22.1975 34.696 34.696 34.696 ]
D = [ 5414 2627 5382 5579 3692 1308 5857 5187 1392 2429 390 6159 1665 247 1221 6157 1468 438 2200 5749 4259 1055 4646 2022 3735 3623 1901 3367 4251 603 4587 3354 3230 3658 2623 611 4966 2168 5798 47 4597 6187 6206 6262 124 1115 6108 1592 1553 1997 1030 5812 3052 5676 1524 476 2988 3425 3843 928 4028 2119 4283 947 5777 594 1558 4432 2763 1045 4479 1049 921 4373 1000 1045 5489 797 2637 731 2794 3666 232 5846 3031 1756 11 6019 5181 3854 636 2898 5973 4919 3845 5439 ]
K = 10
nk = [ 1 2 2 2 3 3 3 4 5 5 5 5 6 6 6 6 7 7 8 8 8 8 8 8 8 9 9 10 10 10 ]
First = [ 1 1 0 0 1 0 0 1 1 0 0 0 1 0 0 0 1 0 1 0 0 0 0 0 0 1 0 1 0 0 ]
Last = [ 1 0 0 1 0 0 1 1 0 0 0 1 0 0 0 1 0 1 0 0 0 0 0 0 1 0 1 0 0 1 ]
nS = 10
S = [ 1 1 0 0 1 0 0 1 1 0 0 0 1 0 0 0 1 0 1 0 0 0 0 0 0 1 0 1 0 0 ]
