n = 30 ; 
T = 96 ; 
Init = [ 0 0 0 1 1 1 1 0 1 1 1 0 0 0 0 0 0 0 1 1 1 0 0 0 0 0 0 0 1 1 ]
L = [ 9 9 9 6 6 6 6 4 8 8 8 7 7 7 7 7 7 6 9 9 9 9 9 9 9 9 9 9 8 8 ]
l = [ 9 9 9 6 6 6 6 4 8 8 8 7 7 7 7 7 7 6 9 9 9 9 9 9 9 9 9 9 8 8 ]
Pmin = [ 100 100 100 56 56 56 56 36 83 83 83 73 73 73 73 73 73 72 94 94 94 94 94 94 94 94 94 94 85 85 ]
Pmax = [ 395 395 395 226 226 226 226 128 334 334 334 291 291 291 291 291 291 272 390 390 390 371 371 371 371 371 371 371 327 327 ]
cf = [ 61.9753 61.9753 61.9753 12.586 12.586 12.586 12.586 11.2234 24.3331 24.3331 24.3331 59.468 59.468 59.468 59.468 59.468 59.468 69.2276 64.17 64.17 64.17 22.1857 22.1857 22.1857 22.1857 22.1857 22.1857 22.1857 9.20364 9.20364 ]
c0 = [ 250 250 250 157 157 157 157 107 227 227 227 205 205 205 205 205 205 197 245 245 245 237 237 237 237 237 237 237 219 219 ]
cp = [ 17.8073 17.8073 17.8073 23.1816 23.1816 23.1816 23.1816 35.4163 25.8345 25.8345 25.8345 27.7219 27.7219 27.7219 27.7219 27.7219 27.7219 19.6604 10.9025 10.9025 10.9025 11.0103 11.0103 11.0103 11.0103 11.0103 11.0103 11.0103 27.3239 27.3239 ]
D = [ 8655 5832 8116 9302 8489 6502 9184 7595 8829 9522 8770 2670 6004 3696 5637 5538 2757 1356 2632 5279 8341 8934 196 4751 8614 4961 6672 8897 8870 4076 6499 7867 250 4957 7512 8739 1800 7038 6676 972 6902 5788 3642 3248 9484 9279 8785 2583 977 1760 7863 9318 1036 8059 4411 9650 3362 1425 8890 2575 5501 5730 784 5751 1029 8296 4832 2829 5676 1850 3801 2920 7638 7444 6167 7465 7064 5295 390 8041 7055 8253 7702 8091 6654 2455 8083 358 3880 7315 2933 9381 3387 3717 5474 4416 ]
K = 9
nk = [ 1 1 1 2 2 2 2 3 4 4 4 5 5 5 5 5 5 6 7 7 7 8 8 8 8 8 8 8 9 9 ]
First = [ 1 0 0 1 0 0 0 1 1 0 0 1 0 0 0 0 0 1 1 0 0 1 0 0 0 0 0 0 1 0 ]
Last = [ 0 0 1 0 0 0 1 1 0 0 1 0 0 0 0 0 1 1 0 0 1 0 0 0 0 0 0 1 0 1 ]
nS = 9
S = [ 1 0 0 1 0 0 0 1 1 0 0 1 0 0 0 0 0 1 1 0 0 1 0 0 0 0 0 0 1 0 ]
