n = 30 ; 
T = 96 ; 
Init = [ 0 0 0 0 1 1 1 1 1 1 1 1 0 1 1 1 1 1 1 1 1 0 0 0 0 0 0 0 0 0 ]
L = [ 7 7 7 7 9 9 9 9 9 5 5 5 3 4 4 4 4 4 4 7 7 5 5 5 5 5 5 5 4 8 ]
l = [ 7 7 7 7 9 9 9 9 9 5 5 5 3 4 4 4 4 4 4 7 7 5 5 5 5 5 5 5 4 8 ]
Pmin = [ 72 72 72 72 93 93 93 93 93 55 55 55 29 40 40 40 40 40 40 68 68 50 50 50 50 50 50 50 37 73 ]
Pmax = [ 259 259 259 259 381 381 381 381 381 187 187 187 95 132 132 132 132 132 132 273 273 198 198 198 198 198 198 198 139 301 ]
cf = [ 28.6618 28.6618 28.6618 28.6618 34.0002 34.0002 34.0002 34.0002 34.0002 35.7883 35.7883 35.7883 29.188 32.4794 32.4794 32.4794 32.4794 33.6128 33.6128 8.07863 8.07863 12.2388 12.2388 12.2388 12.2388 12.2388 12.2388 12.2388 41.0819 55.4181 ]
c0 = [ 183 183 183 183 245 245 245 245 245 143 143 143 102 127 127 127 127 122 122 187 187 132 132 132 132 132 132 132 117 205 ]
cp = [ 28.6016 28.6016 28.6016 28.6016 11.797 11.797 11.797 11.797 11.797 23.829 23.829 23.829 36.142 34.3048 34.3048 34.3048 34.3048 28.4505 28.4505 19.2743 19.2743 27.014 27.014 27.014 27.014 27.014 27.014 27.014 28.1176 20.3849 ]
D = [ 477 5019 3993 3566 639 6727 6422 755 528 3319 5951 456 1204 4236 4951 5356 6302 6026 402 4331 3812 3750 1686 4233 2835 764 3282 1142 1932 5976 2237 2409 4234 6230 5975 4873 6196 5636 5628 6724 2194 4818 419 3398 2293 5369 1993 1834 4634 2395 6165 1686 6145 1090 5919 2219 1853 2439 3361 3785 1654 5598 6194 5888 5067 5408 4000 4502 4283 2868 4465 6477 925 4884 3115 3218 3492 5107 5052 1365 742 4455 3051 125 5545 2209 2345 637 4648 5706 4423 6302 4543 3856 5429 2849 ]
K = 10
nk = [ 1 1 1 1 2 2 2 2 2 3 3 3 4 5 5 5 5 6 6 7 7 8 8 8 8 8 8 8 9 10 ]
First = [ 1 0 0 0 1 0 0 0 0 1 0 0 1 1 0 0 0 1 0 1 0 1 0 0 0 0 0 0 1 1 ]
Last = [ 0 0 0 1 0 0 0 0 1 0 0 1 1 0 0 0 1 0 1 0 1 0 0 0 0 0 0 1 1 1 ]
nS = 10
S = [ 1 0 0 0 1 0 0 0 0 1 0 0 1 1 0 0 0 1 0 1 0 1 0 0 0 0 0 0 1 1 ]
