n = 30 ; 
T = 96 ; 
Init = [ 0 0 0 0 0 0 0 1 1 1 0 1 1 1 1 1 1 1 0 0 0 0 0 0 0 0 0 0 0 0 ]
L = [ 9 9 9 9 9 9 9 6 6 6 8 9 9 9 9 9 9 10 9 9 9 8 8 8 10 10 10 10 10 10 ]
l = [ 9 9 9 9 9 9 9 6 6 6 8 9 9 9 9 9 9 10 9 9 9 8 8 8 10 10 10 10 10 10 ]
Pmin = [ 97 97 97 97 97 97 97 60 60 60 96 100 100 100 100 100 100 100 91 91 91 85 85 85 100 100 100 100 100 100 ]
Pmax = [ 379 379 379 379 379 379 379 235 235 235 375 420 420 420 420 420 420 420 364 364 364 327 327 327 420 420 420 420 420 420 ]
cf = [ 66.6329 66.6329 66.6329 66.6329 66.6329 66.6329 66.6329 42.1408 42.1408 42.1408 50.05 50.2071 50.2071 50.2071 50.2071 50.2071 50.2071 23.2423 51.4581 51.4581 51.4581 46.4673 46.4673 46.4673 28.9003 28.9003 28.9003 28.9003 28.9003 28.9003 ]
c0 = [ 244 244 244 244 244 244 244 166 166 166 250 250 250 250 250 250 250 250 248 248 248 216 216 216 250 250 250 250 250 250 ]
cp = [ 11.7826 11.7826 11.7826 11.7826 11.7826 11.7826 11.7826 37.111 37.111 37.111 20.2731 11.6709 11.6709 11.6709 11.6709 11.6709 11.6709 12.3229 11.1505 11.1505 11.1505 18.7721 18.7721 18.7721 8.82019 8.82019 8.82019 8.82019 8.82019 8.82019 ]
D = [ 2305 6854 6229 10004 3314 9134 6688 10372 1784 152 4117 5154 10152 8133 5383 10279 4854 9669 2742 7486 7940 7722 8029 336 10267 5173 2391 4460 5793 9846 4405 8098 5434 10634 6836 8748 8502 2257 7854 10286 2409 705 4175 1296 8838 9557 309 2427 7960 3050 9912 4634 10772 6675 4970 9773 582 7361 2967 6375 5941 7372 3207 109 6741 10043 8857 3977 1034 5445 2997 3444 6150 7171 4739 3722 5463 5048 6149 2157 8098 4796 6791 7605 205 495 6112 787 7856 9079 7162 2531 5186 10369 2639 660 ]
K = 8
nk = [ 1 1 1 1 1 1 1 2 2 2 3 4 4 4 4 4 4 5 6 6 6 7 7 7 8 8 8 8 8 8 ]
First = [ 1 0 0 0 0 0 0 1 0 0 1 1 0 0 0 0 0 1 1 0 0 1 0 0 1 0 0 0 0 0 ]
Last = [ 0 0 0 0 0 0 1 0 0 1 1 0 0 0 0 0 1 1 0 0 1 0 0 1 0 0 0 0 0 1 ]
nS = 8
S = [ 1 0 0 0 0 0 0 1 0 0 1 1 0 0 0 0 0 1 1 0 0 1 0 0 1 0 0 0 0 0 ]
