n = 30 ; 
T = 96 ; 
Init = [ 1 1 1 1 1 1 1 1 1 1 1 1 1 1 1 0 0 0 1 1 1 1 1 1 1 1 1 1 1 1 ]
L = [ 2 2 2 2 2 2 6 6 4 6 6 6 6 6 6 8 8 8 5 5 5 6 6 8 8 8 10 10 10 10 ]
l = [ 2 2 2 2 2 2 6 6 4 6 6 6 6 6 6 8 8 8 5 5 5 6 6 8 8 8 10 10 10 10 ]
Pmin = [ 23 23 23 23 23 23 61 61 37 60 60 60 60 60 60 91 91 91 60 60 60 62 62 84 84 84 100 100 100 100 ]
Pmax = [ 50 50 50 50 50 50 238 238 146 224 224 224 224 224 224 353 353 353 218 218 218 247 247 330 330 330 420 420 420 420 ]
cf = [ 49.6613 49.6613 49.6613 49.6613 49.6613 49.6613 48.9992 48.9992 7.57846 43.0054 43.0054 43.0054 43.0054 43.0054 43.0054 42.5836 42.5836 42.5836 22.3757 22.3757 22.3757 14.9847 14.9847 18.1119 18.1119 18.1119 50.9976 50.9976 50.9976 50.9976 ]
c0 = [ 85 85 85 85 85 85 172 172 120 174 174 174 174 174 174 233 233 233 167 167 167 173 173 221 221 221 250 250 250 250 ]
cp = [ 37.6486 37.6486 37.6486 37.6486 37.6486 37.6486 27.0572 27.0572 38.278 20.3388 20.3388 20.3388 20.3388 20.3388 20.3388 23.6629 23.6629 23.6629 24.8057 24.8057 24.8057 23.68 23.68 17.1269 17.1269 17.1269 8.39929 8.39929 8.39929 8.39929 ]
D = [ 1822 1810 4052 1887 5892 944 3631 6797 2204 1476 820 5947 6133 4517 6520 5001 3528 372 513 4110 4232 51 1068 3579 2764 4238 7058 3354 3808 4031 2644 5630 5840 6696 374 4590 497 4005 4244 2700 5481 5064 1504 4471 2438 881 2330 5966 1253 2843 2933 5485 2893 4001 1921 5657 1096 1836 1868 4904 5867 4512 3391 4564 4065 3765 2011 4562 626 6255 120 6107 4176 1624 3436 6614 2505 5765 5437 3759 1465 1227 2101 4359 5228 4022 2873 6324 5858 4741 4085 4582 2111 333 2004 6176 ]
K = 9
nk = [ 1 1 1 1 1 1 2 2 3 4 4 4 4 4 4 5 5 5 6 6 6 7 7 8 8 8 9 9 9 9 ]
First = [ 1 0 0 0 0 0 1 0 1 1 0 0 0 0 0 1 0 0 1 0 0 1 0 1 0 0 1 0 0 0 ]
Last = [ 0 0 0 0 0 1 0 1 1 0 0 0 0 0 1 0 0 1 0 0 1 0 1 0 0 1 0 0 0 1 ]
nS = 9
S = [ 1 0 0 0 0 0 1 0 1 1 0 0 0 0 0 1 0 0 1 0 0 1 0 1 0 0 1 0 0 0 ]
