n = 30 ; 
T = 96 ; 
Init = [ 0 0 0 0 0 0 0 0 0 0 0 0 0 0 0 0 0 1 1 1 1 1 1 1 1 0 0 1 0 0 ]
L = [ 10 10 10 10 10 10 10 5 5 5 5 6 6 6 6 6 6 3 3 5 5 5 5 5 5 10 10 3 7 7 ]
l = [ 10 10 10 10 10 10 10 5 5 5 5 6 6 6 6 6 6 3 3 5 5 5 5 5 5 10 10 3 7 7 ]
Pmin = [ 100 100 100 100 100 100 100 55 55 55 55 63 63 63 63 63 63 35 35 58 58 58 58 58 58 100 100 25 68 68 ]
Pmax = [ 420 420 420 420 420 420 420 195 195 195 195 224 224 224 224 224 224 106 106 210 210 210 210 210 210 420 420 71 268 268 ]
cf = [ 56.4314 56.4314 56.4314 56.4314 56.4314 56.4314 56.4314 67.7373 67.7373 67.7373 67.7373 10.5894 10.5894 10.5894 10.5894 10.5894 10.5894 29.6386 29.6386 42.9743 42.9743 42.9743 42.9743 42.9743 42.9743 12.9287 12.9287 43.9424 68.6212 68.6212 ]
c0 = [ 250 250 250 250 250 250 250 148 148 148 148 173 173 173 173 173 173 108 108 149 149 149 149 149 149 250 250 80 187 187 ]
cp = [ 11.6332 11.6332 11.6332 11.6332 11.6332 11.6332 11.6332 18.4012 18.4012 18.4012 18.4012 33.0222 33.0222 33.0222 33.0222 33.0222 33.0222 40.8458 40.8458 18.4004 18.4004 18.4004 18.4004 18.4004 18.4004 8.34244 8.34244 40.6257 12.5556 12.5556 ]
D = [ 3850 2026 4974 4305 4895 1550 5056 1593 1375 2914 2270 4637 4208 4142 7920 7015 1834 6427 4697 5690 5052 1411 3911 5901 7468 3284 2115 3170 720 5860 448 4570 7886 5422 893 4798 6972 5949 6391 364 880 677 5000 5087 4819 4937 4120 6653 3381 833 4360 451 2244 289 6352 1729 3572 484 4899 4293 6344 5347 880 6247 2786 1773 3062 1774 7722 1470 2138 618 2147 7138 5706 6967 4092 1842 5637 7474 2676 2014 7924 4920 2303 6293 6649 5875 6776 3565 2185 5138 929 3065 3402 3714 ]
K = 8
nk = [ 1 1 1 1 1 1 1 2 2 2 2 3 3 3 3 3 3 4 4 5 5 5 5 5 5 6 6 7 8 8 ]
First = [ 1 0 0 0 0 0 0 1 0 0 0 1 0 0 0 0 0 1 0 1 0 0 0 0 0 1 0 1 1 0 ]
Last = [ 0 0 0 0 0 0 1 0 0 0 1 0 0 0 0 0 1 0 1 0 0 0 0 0 1 0 1 1 0 1 ]
nS = 8
S = [ 1 0 0 0 0 0 0 1 0 0 0 1 0 0 0 0 0 1 0 1 0 0 0 0 0 1 0 1 1 0 ]
