n = 20 ; 
T = 24 ; 
Init = [ 0 0 0 1 1 1 1 0 1 1 1 1 1 1 1 1 1 1 0 0 ]
L = [ 7 7 7 2 2 10 10 6 6 6 6 6 3 3 3 3 4 4 9 9 ]
l = [ 7 7 7 2 2 10 10 6 6 6 6 6 3 3 3 3 4 4 9 9 ]
Pmin = [ 83 83 83 20 20 100 100 55 61 61 61 61 32 32 32 32 43 43 100 100 ]
Pmax = [ 318 318 318 38 38 420 420 204 218 218 218 218 87 87 87 87 159 159 417 417 ]
cf = [ 22.5322 22.5322 22.5322 57.5741 57.5741 21.5116 21.5116 19.9639 58.4981 58.4981 58.4981 58.4981 24.7504 24.7504 24.7504 24.7504 26.8552 26.8552 35.6073 35.6073 ]
c0 = [ 215 215 215 69 69 250 250 152 161 161 161 161 100 100 100 100 120 120 250 250 ]
cp = [ 15.4062 15.4062 15.4062 41.5589 41.5589 9.72741 9.72741 22.9169 32.0911 32.0911 32.0911 32.0911 33.3359 33.3359 33.3359 33.3359 31.6377 31.6377 14.8611 14.8611 ]
D = [ 2727 3482 3796 3809 2901 935 3803 1964 4131 2643 2901 781 1766 3925 1696 954 732 3097 2973 2127 4437 3738 256 3317 ]
K = 8
nk = [ 1 1 1 2 2 3 3 4 5 5 5 5 6 6 6 6 7 7 8 8 ]
First = [ 1 0 0 1 0 1 0 1 1 0 0 0 1 0 0 0 1 0 1 0 ]
Last = [ 0 0 1 0 1 0 1 1 0 0 0 1 0 0 0 1 0 1 0 1 ]
nS = 3
S = [ 1 0 0 0 0 0 0 0 1 0 0 0 1 0 0 0 0 0 0 0 ]
