n = 20 ; 
T = 24 ; 
Init = [ 0 0 0 0 0 1 1 1 1 1 0 0 0 0 0 0 1 1 1 1 ]
L = [ 6 6 6 6 6 9 9 9 9 9 9 9 9 9 9 9 10 10 10 10 ]
l = [ 6 6 6 6 6 9 9 9 9 9 9 9 9 9 9 9 10 10 10 10 ]
Pmin = [ 59 59 59 59 59 100 100 100 100 100 100 100 100 100 100 100 100 100 100 100 ]
Pmax = [ 233 233 233 233 233 391 391 391 391 391 417 417 417 417 417 417 420 420 420 420 ]
cf = [ 47.8447 47.8447 47.8447 47.8447 47.8447 48.9085 48.9085 48.9085 48.9085 48.9085 17.7688 17.7688 17.7688 17.7688 17.7688 17.7688 19.5161 19.5161 19.5161 19.5161 ]
c0 = [ 173 173 173 173 173 250 250 250 250 250 250 250 250 250 250 250 250 250 250 250 ]
cp = [ 32.1402 32.1402 32.1402 32.1402 32.1402 12.4969 12.4969 12.4969 12.4969 12.4969 11.9784 11.9784 11.9784 11.9784 11.9784 11.9784 9.21619 9.21619 9.21619 9.21619 ]
D = [ 5079 4394 7214 4033 1215 7199 5224 4574 4925 3171 7100 2357 726 1046 3808 1914 5482 3219 6463 3932 2597 5416 2164 3263 ]
K = 4
nk = [ 1 1 1 1 1 2 2 2 2 2 3 3 3 3 3 3 4 4 4 4 ]
First = [ 1 0 0 0 0 1 0 0 0 0 1 0 0 0 0 0 1 0 0 0 ]
Last = [ 0 0 0 0 1 0 0 0 0 1 0 0 0 0 0 1 0 0 0 1 ]
nS = 4
S = [ 1 0 0 0 0 1 0 0 0 0 1 0 0 0 0 0 1 0 0 0 ]
