n = 20 ; 
T = 24 ; 
Init = [ 0 0 0 0 0 1 1 1 1 0 0 0 0 0 0 0 0 0 0 0 ]
L = [ 8 10 10 10 10 2 2 2 2 10 10 10 10 10 10 4 4 4 4 4 ]
l = [ 8 10 10 10 10 2 2 2 2 10 10 10 10 10 10 4 4 4 4 4 ]
Pmin = [ 88 100 100 100 100 16 16 16 16 100 100 100 100 100 100 41 41 41 41 41 ]
Pmax = [ 359 420 420 420 420 47 47 47 47 415 415 415 415 415 415 142 142 142 142 142 ]
cf = [ 12.8873 15.4574 15.4574 15.4574 15.4574 40.838 40.838 40.838 40.838 7.10201 7.10201 7.10201 7.10201 7.10201 7.10201 14.3688 14.3688 14.3688 14.3688 14.3688 ]
c0 = [ 239 250 250 250 250 54 54 54 54 250 250 250 250 250 250 127 127 127 127 127 ]
cp = [ 16.2335 10.6333 10.6333 10.6333 10.6333 39.1042 39.1042 39.1042 39.1042 9.57077 9.57077 9.57077 9.57077 9.57077 9.57077 22.5578 22.5578 22.5578 22.5578 22.5578 ]
D = [ 4578 2160 1806 3275 3073 1834 4722 35 4466 1171 4067 4974 1900 1555 4982 2534 4673 2395 4933 4707 2331 3454 3553 1241 ]
K = 5
nk = [ 1 2 2 2 2 3 3 3 3 4 4 4 4 4 4 5 5 5 5 5 ]
First = [ 1 1 0 0 0 1 0 0 0 1 0 0 0 0 0 1 0 0 0 0 ]
Last = [ 1 0 0 0 1 0 0 0 1 0 0 0 0 0 1 0 0 0 0 1 ]
nS = 3
S = [ 1 1 0 0 0 0 0 0 0 0 0 0 0 0 0 1 0 0 0 0 ]
