n = 20 ; 
T = 24 ; 
Init = [ 0 0 0 0 0 0 1 1 1 1 1 0 0 0 0 1 1 0 0 0 ]
L = [ 10 10 10 10 10 10 7 7 7 7 7 5 9 9 9 4 4 8 8 8 ]
l = [ 10 10 10 10 10 10 7 7 7 7 7 5 9 9 9 4 4 8 8 8 ]
Pmin = [ 100 100 100 100 100 100 78 78 78 78 78 56 95 95 95 29 29 84 84 84 ]
Pmax = [ 420 420 420 420 420 420 289 289 289 289 289 200 384 384 384 110 110 331 331 331 ]
cf = [ 37.8104 37.8104 37.8104 37.8104 37.8104 37.8104 53.799 53.799 53.799 53.799 53.799 20.8229 33.6767 33.6767 33.6767 50.4154 50.4154 19.6289 19.6289 19.6289 ]
c0 = [ 250 250 250 250 250 250 198 198 198 198 198 166 245 245 245 82 82 220 220 220 ]
cp = [ 8.83575 8.83575 8.83575 8.83575 8.83575 8.83575 26.3176 26.3176 26.3176 26.3176 26.3176 33.2311 19.2075 19.2075 19.2075 32.2957 32.2957 27.6414 27.6414 27.6414 ]
D = [ 4153 562 6235 3163 4761 2039 2575 5517 3191 3656 4717 6384 1977 6150 2619 6477 929 474 5871 1785 911 5864 5047 1756 ]
K = 6
nk = [ 1 1 1 1 1 1 2 2 2 2 2 3 4 4 4 5 5 6 6 6 ]
First = [ 1 0 0 0 0 0 1 0 0 0 0 1 1 0 0 1 0 1 0 0 ]
Last = [ 0 0 0 0 0 1 0 0 0 0 1 1 0 0 1 0 1 0 0 1 ]
nS = 5
S = [ 1 0 0 0 0 0 0 0 0 0 0 1 1 0 0 1 0 1 0 0 ]
