n = 20 ; 
T = 24 ; 
Init = [ 1 1 1 1 1 1 0 0 0 0 0 0 0 0 0 1 1 1 0 0 ]
L = [ 6 4 4 4 4 4 4 4 4 4 4 4 6 6 6 4 4 4 10 10 ]
l = [ 6 4 4 4 4 4 4 4 4 4 4 4 6 6 6 4 4 4 10 10 ]
Pmin = [ 64 44 44 44 44 44 40 40 40 40 40 40 73 73 73 42 42 42 100 100 ]
Pmax = [ 261 141 141 141 141 141 157 157 157 157 157 157 261 261 261 152 152 152 420 420 ]
cf = [ 8.46651 34.7235 34.7235 34.7235 34.7235 34.7235 59.694 59.694 59.694 59.694 59.694 59.694 19.9205 19.9205 19.9205 44.1963 44.1963 44.1963 9.56954 9.56954 ]
c0 = [ 168 119 119 119 119 119 108 108 108 108 108 108 188 188 188 129 129 129 250 250 ]
cp = [ 29.5209 30.5166 30.5166 30.5166 30.5166 30.5166 32.5312 32.5312 32.5312 32.5312 32.5312 32.5312 23.7652 23.7652 23.7652 29.3857 29.3857 29.3857 8.80226 8.80226 ]
D = [ 3722 3833 3587 1378 3076 1305 418 2882 2159 3142 3130 2252 910 2478 3070 3264 2641 3255 2043 2654 3176 1259 3391 3403 ]
K = 6
nk = [ 1 2 2 2 2 2 3 3 3 3 3 3 4 4 4 5 5 5 6 6 ]
First = [ 1 1 0 0 0 0 1 0 0 0 0 0 1 0 0 1 0 0 1 0 ]
Last = [ 1 0 0 0 0 1 0 0 0 0 0 1 0 0 1 0 0 1 0 1 ]
nS = 4
S = [ 1 1 0 0 0 0 1 0 0 0 0 0 0 0 0 1 0 0 0 0 ]
