n = 20 ; 
T = 24 ; 
Init = [ 1 1 1 1 1 1 1 0 0 0 0 1 1 1 1 1 1 0 0 0 ]
L = [ 9 9 9 9 9 9 9 5 5 5 5 10 10 10 10 10 10 7 7 7 ]
l = [ 9 9 9 9 9 9 9 5 5 5 5 10 10 10 10 10 10 7 7 7 ]
Pmin = [ 98 98 98 97 97 97 97 45 45 45 45 100 100 100 100 100 100 84 84 84 ]
Pmax = [ 404 404 404 385 385 385 385 182 182 182 182 420 420 420 420 420 420 313 313 313 ]
cf = [ 33.6538 33.6538 33.6538 49.9645 49.9645 49.9645 49.9645 10.1224 10.1224 10.1224 10.1224 54.7883 54.7883 54.7883 54.7883 54.7883 54.7883 50.2193 50.2193 50.2193 ]
c0 = [ 250 250 250 250 250 250 250 129 129 129 129 250 250 250 250 250 250 214 214 214 ]
cp = [ 12.7257 12.7257 12.7257 12.6831 12.6831 12.6831 12.6831 26.7343 26.7343 26.7343 26.7343 9.05556 9.05556 9.05556 9.05556 9.05556 9.05556 16.7794 16.7794 16.7794 ]
D = [ 814 1972 5462 6657 551 2626 5126 3616 5435 1264 5915 1431 5996 6259 6695 3817 1323 3518 1201 2220 5783 4303 6711 552 ]
K = 5
nk = [ 1 1 1 2 2 2 2 3 3 3 3 4 4 4 4 4 4 5 5 5 ]
First = [ 1 0 0 1 0 0 0 1 0 0 0 1 0 0 0 0 0 1 0 0 ]
Last = [ 0 0 1 0 0 0 1 0 0 0 1 0 0 0 0 0 1 0 0 1 ]
nS = 4
S = [ 1 0 0 1 0 0 0 1 0 0 0 1 0 0 0 0 0 0 0 0 ]
