n = 20 ; 
T = 24 ; 
Init = [ 1 0 1 1 0 1 1 1 1 1 0 0 1 1 1 1 0 1 1 1 ]
L = [ 8 3 3 8 6 9 8 10 2 5 8 6 9 9 9 6 3 3 9 10 ]
l = [ 8 3 3 8 6 9 8 10 2 5 8 6 9 9 9 6 3 3 9 10 ]
Pmin = [ 90 25 23 84 62 93 83 100 21 50 85 64 100 94 92 67 26 37 100 100 ]
Pmax = [ 377 81 77 330 219 355 324 418 40 190 352 232 379 375 359 258 82 115 420 401 ]
cf = [ 56.0458 64.0124 42.0028 53.7225 27.4079 19.9349 20.6514 54.5408 7.18882 16.8267 33.6435 22.6612 49.65 52.1795 46.5851 48.6649 13.1714 36.9615 28.8957 32.7515 ]
c0 = [ 232 81 73 221 181 241 229 250 68 146 231 172 250 235 250 191 92 110 250 250 ]
cp = [ 13.0894 31.9454 33.6274 16.3804 27.4494 13.7225 17.8937 9.94837 40.7183 34.3476 14.2337 23.2248 13.0283 12.643 19.1179 27.82 35.8933 39.1458 19.5549 12.5479 ]
D = [ 1270 1635 1903 2132 2578 2819 3061 3242 3687 3850 4116 4560 4831 4245 3750 3326 2907 2600 3180 3715 4066 3453 2614 2007 ]
K = 21
nk = [ 2059998840 32594 2059998840 32594 0 0 0 0 0 0 0 0 0 0 0 0 0 0 0 0 ]
First = [ 1 1 1 1 1 1 1 1 1 1 1 1 1 1 1 1 1 1 1 1 ]
Last = [ 1 1 1 1 1 1 1 1 1 1 1 1 1 1 1 1 1 1 1 1 ]
nS = 9
S = [ 1 1 1 0 1 1 0 1 1 1 0 0 0 0 0 0 1 0 0 0 ]
