n = 20 ; 
T = 48 ; 
Init = [ 1 0 1 1 0 0 1 1 1 1 0 0 1 1 0 0 1 0 1 1 ]
L = [ 7 6 8 6 8 2 4 5 8 7 5 6 5 3 8 3 4 8 3 3 ]
l = [ 7 6 8 6 8 2 4 5 8 7 5 6 5 3 8 3 4 8 3 3 ]
Pmin = [ 77 73 84 69 93 21 28 49 88 78 51 55 48 30 89 23 39 85 30 24 ]
Pmax = [ 301 264 334 266 359 63 104 163 349 289 194 205 175 115 369 80 123 350 100 76 ]
cf = [ 14.3286 58.9383 45.3196 46.094 59.1622 49.4296 53.6179 48.1688 55.2019 13.7288 7.21331 53.0574 13.2181 41.3222 53.2772 49.9167 12.4158 22.5947 35.4295 26.7276 ]
c0 = [ 216 208 223 176 246 74 89 146 226 217 153 157 146 89 227 80 120 219 94 72 ]
cp = [ 23.6 26.603 15.2544 32.2725 23.2441 40.4092 37.5922 19.9441 15.2787 20.1076 31.3764 27.3055 22.9124 37.6449 16.6168 38.7435 35.1152 8.95454 40.1961 34.9879 ]
D = [ 877 1181 1337 1556 1736 1996 2208 2337 2561 2775 3111 3308 3533 3204 2940 2573 2398 2088 2449 2844 3231 2748 2034 1443 876 1080 1377 1543 1864 1998 2305 2504 2811 3037 3248 3558 3739 3387 3161 2731 2384 2231 2567 2853 3166 2773 2150 1691 ]
K = 21
nk = [ 0 1 2 3 4 5 6 7 8 9 10 11 12 13 14 15 16 17 18 19 ]
First = [ 0 0 0 0 0 0 0 0 0 0 0 0 0 0 0 0 0 0 0 0 ]
Last = [ 0 0 0 0 0 0 0 0 0 0 0 0 0 0 0 0 0 0 0 0 ]
nS = 7
S = [ 1 0 1 1 0 0 0 0 0 1 0 1 0 1 1 0 0 0 0 0 ]
