n = 20 ; 
T = 48 ; 
Init = [ 1 0 1 0 1 0 0 1 1 0 1 1 0 1 0 1 0 0 0 0 ]
L = [ 8 9 3 7 9 7 2 2 10 9 3 2 10 3 7 9 4 10 6 4 ]
l = [ 8 9 3 7 9 7 2 2 10 9 3 2 10 3 7 9 4 10 6 4 ]
Pmin = [ 93 100 31 73 88 78 25 16 100 98 24 23 100 35 72 99 39 100 57 39 ]
Pmax = [ 365 414 94 303 360 286 74 47 410 412 90 53 414 101 297 383 141 420 228 135 ]
cf = [ 49.2123 17.0397 10.1611 37.9755 14.2576 14.6795 28.5685 37.0907 11.1694 34.1081 66.2704 58.6264 29.248 69.0184 57.3239 48.7317 54.1531 11.7092 69.3697 26.2945 ]
c0 = [ 250 250 86 207 228 215 76 57 250 250 85 70 250 104 188 250 112 250 149 109 ]
cp = [ 14.1819 14.5811 40.7446 22.8096 17.0081 28.1087 40.0749 37.6588 8.98143 11.4031 34.5124 41.3343 8.384 39.9417 25.6308 13.1497 33.4444 8.26386 36.5526 34.243 ]
D = [ 1437 1606 1857 2082 2347 2625 2731 3095 3351 3546 3834 4091 4331 3870 3671 3208 2850 2626 2933 3163 3565 2943 2490 1855 1329 1404 1704 1893 2181 2467 2683 2809 3164 3304 3648 3759 3948 3760 3322 3038 2785 2422 2919 3381 3802 3250 2632 1852 ]
K = 21
nk = [ 0 1 2 3 4 5 6 7 8 9 10 11 12 13 14 15 16 17 18 19 ]
First = [ 0 0 0 0 0 0 0 0 0 0 0 0 0 0 0 0 0 0 0 0 ]
Last = [ 0 0 0 0 0 0 0 0 0 0 0 0 0 0 0 0 0 0 0 0 ]
nS = 7
S = [ 1 0 0 0 0 0 1 1 0 0 0 1 1 1 0 1 0 0 0 0 ]
