n = 20 ; 
T = 48 ; 
Init = [ 1 0 1 1 0 1 0 1 0 0 0 1 1 1 1 1 0 1 1 0 ]
L = [ 6 2 5 9 7 3 3 4 10 7 7 8 9 10 10 4 7 6 4 10 ]
l = [ 6 2 5 9 7 3 3 4 10 7 7 8 9 10 10 4 7 6 4 10 ]
Pmin = [ 59 17 42 100 76 26 30 41 100 72 80 85 100 100 100 41 65 64 51 100 ]
Pmax = [ 212 56 162 409 279 71 84 129 420 286 296 315 380 410 417 157 263 243 176 420 ]
cf = [ 43.4016 42.9652 15.8992 42.9247 42.4519 41.1114 55.4331 48.7639 8.72409 41.7652 7.37796 13.1994 38.5342 54.1316 69.4834 45.1654 57.9425 54.0157 60.6938 26.1615 ]
c0 = [ 153 74 127 250 194 75 99 114 250 199 217 217 250 250 250 127 176 169 147 250 ]
cp = [ 22.1945 41.4249 30.7234 14.9508 28.4651 40.3587 28.6813 25.424 9.69976 16.5113 20.4504 19.4249 28.2169 13.3123 9.79484 29.1366 22.7919 18.8282 33.3024 10.2362 ]
D = [ 1389 1483 1856 2001 2373 2661 2884 3047 3246 3558 3927 4122 4273 4015 3681 3337 2966 2651 2927 3352 3832 3219 2461 1912 1266 1525 1860 2038 2208 2434 2729 2933 3335 3538 3688 3939 4257 3978 3551 3177 2915 2492 3150 3559 4070 3397 2740 2106 ]
K = 21
nk = [ 0 1 2 3 4 5 6 7 8 9 10 11 12 13 14 15 16 17 18 19 ]
First = [ 0 0 0 0 0 0 0 0 0 0 0 0 0 0 0 0 0 0 0 0 ]
Last = [ 0 0 0 0 0 0 0 0 0 0 0 0 0 0 0 0 0 0 0 0 ]
nS = 6
S = [ 1 0 0 0 1 0 0 0 0 0 1 1 0 1 0 0 1 0 0 0 ]
